0,1,2,3,4,5,6,7,8,9,10,11,12,13,14,15,16,17,18,19,20,21,22,23,24,25,26,27,28,29
github Code Version (SHA):,cd93f48c3be2409aefa56252372b16f046dc3cc1
Environment Observations,Environment Actions,alpha,epsilon,numActions,explore,patience,gainThresh,insertRandActions,useBudd,revisedSplitting,haveControl,confidence_factor
"['square', 'diamond']","['x', 'y']",0.99,0.99,75000,0.5,0,0.01,False,True,False,True,250

Model Num 0
Model States: 
['square'],['diamond']
Iteration: ,0
Error:,0.6764331350529378
Absolute Error:,1
Transition Probabilities
0.5,0.5
0.5,0.5

0.5,0.5
0.5,0.5

Transition Gammas
1.0,1.0
1.0,1.0

1.0,1.0
1.0,1.0

Iteration: ,1823
Error:,0.24102007297400088
Absolute Error:,1
Transition Probabilities
0.9782244556113903,0.021775544388609715
0.9840954274353877,0.015904572564612324

0.21462639109697934,0.7853736089030207
0.13,0.87


Model Num 1
Model States: 
['diamond'],"['square', 'y', 'diamond']","['square', 'y', 'square']"
Iteration: ,0
Error:,0.6197055906676302
Absolute Error:,1
Transition Probabilities
0.3333333333333333,0.3333333333333333,0.3333333333333333
0.3333333333333333,0.3333333333333333,0.3333333333333333
0.3333333333333333,0.3333333333333333,0.3333333333333333

0.3333333333333333,0.3333333333333333,0.3333333333333333
0.3333333333333333,0.3333333333333333,0.3333333333333333
0.3333333333333333,0.3333333333333333,0.3333333333333333

Transition Gammas
1.0,1.0,1.0
1.0,1.0,1.0
1.0,1.0,1.0

1.0,1.0,1.0
1.0,1.0,1.0
1.0,1.0,1.0

Iteration: ,2500
Error:,0.13874061579711033
Absolute Error:,1
Transition Probabilities
0.01757188498402556,0.970929616764193,0.01149849825178154
0.020342168856060418,0.9567323733630465,0.02292545778089295
0.02356955711643088,0.9323268823707658,0.04410356051280344

0.6637931034482759,0.002946639944602924,0.33326025660712116
0.9973684210526316,0.0013157894736842105,0.0013157894736842105
0.01639344262295082,0.23314249895940223,0.750464058417647

Transition Gammas
11.0,607.8019400943848,7.198059905615244
8.713920317387469,409.83288092541943,9.820516866018211
3.7363010792377125,147.79462845213277,6.9913991140435305

308.0,1.3672409342957568,154.63275906570422
758.0,1.0,1.0
1.0,14.221692436523536,45.77830756347647

Iteration: ,4206
Error:,0.1328747149447053
Absolute Error:,1
Transition Probabilities
0.017000000000000008,0.9747805964751238,0.008219403524876184
0.011608407797598594,0.9688138702686604,0.019577721933741122
0.020513605013749985,0.9323705693393998,0.047115825646850226

0.6727716727716728,0.0016744066176712384,0.325553920610656
0.9983831851253031,0.0008084074373484236,0.0008084074373484236
0.008771929824561403,0.1744511412535491,0.8167769289218895


Model Num 2
Model States: 
"['square', 'y', 'diamond']","['square', 'y', 'square']","['diamond', 'y', 'diamond']","['diamond', 'y', 'square', 'y', 'square']"
Iteration: ,0
Error:,0.6770216346622803
Absolute Error:,0.74
Transition Probabilities
0.25,0.25,0.25,0.25
0.25,0.25,0.25,0.25
0.25,0.25,0.25,0.25
0.25,0.25,0.25,0.25

0.25,0.25,0.25,0.25
0.25,0.25,0.25,0.25
0.25,0.25,0.25,0.25
0.25,0.25,0.25,0.25

Transition Gammas
1.0,1.0,1.0,1.0
1.0,1.0,1.0,1.0
1.0,1.0,1.0,1.0
1.0,1.0,1.0,1.0

1.0,1.0,1.0,1.0
1.0,1.0,1.0,1.0
1.0,1.0,1.0,1.0
1.0,1.0,1.0,1.0

Iteration: ,2500
Error:,0.030617529558079268
Absolute Error:,0.3924200592608856
Transition Probabilities
0.9665918230374791,0.015395030547693435,0.011987164484570973,0.006025981930256451
0.9377603424957371,0.023376086211116726,0.03091202887394403,0.007951542419202118
0.9585997742187662,0.012717167349329064,0.025609861681128655,0.0030731967507760987
0.9481931540435202,0.024896164867914704,0.01566387019450367,0.011246810894061397

0.001386962552011095,0.001386962552011095,0.970078974934994,0.02714709996098387
0.07469836570953522,0.9083524817480919,0.008474576271186444,0.008474576271186444
0.0032258064516129037,0.0032258064516129037,0.039012729667719896,0.9545356574290543
0.03261075337506382,0.9523516526399739,0.007518796992481206,0.007518796992481206

Transition Gammas
453.3089214344479,7.219908679855129,5.621699329591257,2.826044359452549
117.93439474474123,2.939817833916851,3.8875512754977968,1.0
389.3296369771049,5.165002413573955,10.401294074446795,1.2481607105676424
166.39261135113685,4.368875547492746,2.748756679389692,1.9736339859182288

1.0,1.0,699.426940928131,19.57305907186938
8.814407153725153,107.1855928462748,1.0,1.0
1.0,1.0,12.093946196993166,295.9060538030068
4.3372301988834865,126.66276980111647,1.0,1.0

Iteration: ,5000
Error:,0.024478887697131156
Absolute Error:,0.3892414236509281
Transition Probabilities
0.9639838450001968,0.01887709621708197,0.012894213203275676,0.004244845579445621
0.946872901655799,0.026503416995211485,0.02231176343548161,0.004311917913508124
0.9690334299558939,0.010885040461396515,0.018567346440282007,0.0015141831424275432
0.9596804696362995,0.021080529601998597,0.007886501241651718,0.011352499520050099

0.0006906077348066289,0.0006906077348066289,0.9766192655394684,0.021999518990918274
0.09725549001784312,0.8933548386206545,0.0046948356807511755,0.0046948356807511755
0.001626016260162601,0.001626016260162601,0.03150425476713269,0.9652437127125422
0.031567691123978135,0.9609416721719021,0.003745318352059926,0.003745318352059926

Transition Gammas
913.9679705018307,17.897666447398475,12.22520266676603,4.0246036481439065
243.00789177913927,6.8019049628383765,5.726148234731316,1.1066216805380862
798.7867653568372,8.972679364976054,15.30530335260746,1.2481607105676424
334.4864877546304,7.347395856927545,2.748756679389692,3.9567937577564463

1.0,1.0,1414.144696501152,31.8553034988497
20.715419373800575,190.28458062619933,1.0,1.0
1.0,1.0,19.37511668178661,593.6248833182136
8.42857353010216,256.5714264698978,1.0,1.0

Iteration: ,7500
Error:,0.01892763410314713
Absolute Error:,0.3883410840970372
Transition Probabilities
0.9707829204447262,0.014900942234760484,0.010969064359457156,0.003347072961056096
0.9455364206977952,0.029077769445064773,0.01962648119935027,0.005759328657789626
0.971457598165664,0.010225296343192431,0.01713986442251375,0.001177241068629827
0.9642298074936717,0.018626923161988843,0.006878077105108836,0.01026519223923052

0.0004826254826254823,0.0004826254826254823,0.9797492269916787,0.019285522043070474
0.04841540200601654,0.9476783479939835,0.001953125000000001,0.001953125000000001
0.0009970089730807572,0.0009970089730807572,0.028394269915284993,0.9696117121385535
0.020753980522849196,0.9756359111739018,0.001805054151624549,0.001805054151624549

Transition Gammas
1167.2934915481696,17.917262986665314,13.189475386836868,4.0246036481439065
504.65985158737357,15.519637838813999,10.475214780131822,3.073918552537674
1035.5510852615184,10.89992681647422,18.27069471429736,1.2549114531977272
431.817587296073,8.341821582415818,3.0802560112558526,4.597130799551628

1.0,1.0,2030.0403983267595,39.95960167324205
24.788685827080457,485.21131417291934,1.0,1.0
1.0,1.0,28.47945272503086,972.5205472749695
11.497705209658452,540.5022947903415,1.0,1.0

Iteration: ,10000
Error:,0.01843722962968136
Absolute Error:,0.38715527644949393
Transition Probabilities
0.9721550736905101,0.01486906879678043,0.010104491197621574,0.002871366315087835
0.9517881319141368,0.026328450892727118,0.017251059214694994,0.004632357978441131
0.9735637649430656,0.010633470607977511,0.014836235994599448,0.0009665284543573443
0.9609156303443468,0.01661054281378822,0.012780548829539665,0.009693278012325356

0.0003521126760563378,0.0003521126760563378,0.9806153403660511,0.018680434281836224
0.04414934835206098,0.9524492911037213,0.0017006802721088441,0.0017006802721088441
0.0006497725795971405,0.0006497725795971405,0.023224812327827703,0.975475642512978
0.018488742404126617,0.9785614050884988,0.001474926253687316,0.001474926253687316

Transition Gammas
1362.60526411335,20.840987166834086,14.162794876745565,4.0246036481439065
631.5831398161063,17.470910934643666,11.447377602890246,3.073918552537674
1264.0458887035036,13.806178176166576,19.262922253382232,1.2549114531977272
825.4548735712917,14.268946289688948,10.978868472020636,8.326811765241136

1.0,1.0,2784.947566639587,53.05243336041491
25.95981683101185,560.0401831689879,1.0,1.0
1.0,1.0,35.74298617252686,1501.2570138274743
12.535367349997841,663.4646326500019,1.0,1.0

Iteration: ,12500
Error:,0.015452862237997257
Absolute Error:,0.38625935448699467
Transition Probabilities
0.975033766001229,0.013007978242731082,0.009401738880332335,0.0025565168757074987
0.9572647568462906,0.022993252776037424,0.015404617707718126,0.004337372669953915
0.9753995619846514,0.009622679276195274,0.014103403624801057,0.0008743551143522747
0.9601299263536509,0.01698904546074628,0.014670904139915305,0.00821012404568748

0.0002928257686676424,0.0002928257686676424,0.9800553017083545,0.019359046754310143
0.03328721672939024,0.9647187653244482,0.0009970089730807583,0.0009970089730807583
0.0005053057099545224,0.0005053057099545224,0.022654744018682768,0.9763346445614082
0.01924497190593155,0.978680339297388,0.0010373443983402492,0.0010373443983402492

Transition Gammas
1562.9989989989024,20.85205423784529,15.071179041393298,4.098148655961095
892.8976597444552,21.4471716908023,14.368801318659774,4.0457249457302185
1399.9347195279558,13.810876423009796,20.241801583037933,1.2549114531977272
973.7759286500808,17.230505024715857,14.879416744396135,8.326811765241136

1.0,1.0,3346.888855334035,66.11114466596922
33.38707837957839,967.612921620421,1.0,1.0
1.0,1.0,44.833738412973204,1932.166261587027
18.552152917318015,943.4478470826818,1.0,1.0

Iteration: ,12926
Error:,0.016201448535955783
Absolute Error:,0.38627492011946024
Transition Probabilities
0.9749621790819186,0.012735878944782368,0.00979906864004696,0.002502873333252129
0.9582008976725819,0.023400133776060452,0.014356661680402205,0.004042306870955463
0.9750070952294477,0.009512544636366816,0.014616042188080507,0.0008643179461050057
0.9604711266513397,0.016844495702923474,0.014544815347224902,0.008139562298511812

0.00028514399771884766,0.00028514399771884766,0.9797211049687929,0.019708607035769467
0.03245187151575046,0.9656631143466434,0.0009425070688030162,0.0009425070688030162
0.00048638132295719834,0.00048638132295719834,0.023267804166161758,0.9757594331879238
0.017988909513686823,0.9800731059901893,0.0009689922480620155,0.0009689922480620155

*,*,*,*,*,*,*,*,*,*,*
Model Num 2
Model States: 
"['square', 'y', 'diamond']","['square', 'y', 'square']","['diamond', 'y', 'diamond']","['diamond', 'y', 'square', 'y', 'square']"
Iteration: ,12926
Error:,0.01674148912477736
Transition Probabilities
0.9749621790819186,0.012735878944782368,0.00979906864004696,0.002502873333252129
0.9582008976725819,0.023400133776060452,0.014356661680402205,0.004042306870955463
0.9750070952294477,0.009512544636366816,0.014616042188080507,0.0008643179461050057
0.9604711266513397,0.016844495702923474,0.014544815347224902,0.008139562298511812

0.00028514399771884766,0.00028514399771884766,0.9797211049687929,0.019708607035769467
0.03245187151575046,0.9656631143466434,0.0009425070688030162,0.0009425070688030162
0.00048638132295719834,0.00048638132295719834,0.023267804166161758,0.9757594331879238
0.017988909513686823,0.9800731059901893,0.0009689922480620155,0.0009689922480620155

Transition Gammas
1596.3812034490086,20.853442516096084,16.044775196313783,4.098148655961095
959.011128667417,23.419920350790974,14.368801318659774,4.0457249457302185
1415.622082436586,13.811354105310985,21.22117077968789,1.2549114531977272
982.5666275736999,17.232000917825935,14.879416744396135,8.326811765241136

1.0,1.0,3435.8819151255607,69.1180848744436
34.43143567821124,1024.5685643217885,1.0,1.0
1.0,1.0,47.83860536562858,2006.1613946343718
18.564554618124802,1011.4354453818753,1.0,1.0

