0,1,2,3,4,5,6,7,8,9,10,11,12,13,14,15,16,17,18,19,20,21,22,23,24,25,26,27,28,29
github Code Version (SHA):,32a229dd34421fba547a58d2c923a1ee52132eb5
Environment Observations,Environment Actions,alpha,epsilon,numActions,explore,patience,gainThresh,insertRandActions,useBudd,revisedSplitting,haveControl,confidence_factor
"['square', 'diamond']","['x', 'y']",0.99,0.99,75000,0.5,0,0.01,False,True,False,True,250

Model Num 0
Model States: 
['square'],['diamond']
Iteration: ,0
Error:,0.6720885254532393
Absolute Error:,1
Transition Probabilities
0.5,0.5
0.5,0.5

0.5,0.5
0.5,0.5

Transition Gammas
1.0,1.0
1.0,1.0

1.0,1.0
1.0,1.0

Iteration: ,2374
Error:,0.24833200278388326
Absolute Error:,1
Transition Probabilities
0.9774557165861514,0.02254428341384863
0.616822429906542,0.38317757009345793

0.013812154696132596,0.9861878453038674
0.796,0.204


Model Num 1
Model States: 
['square'],"['diamond', 'x', 'square']","['diamond', 'x', 'diamond']"
Iteration: ,0
Error:,0.7074024291508695
Absolute Error:,1
Transition Probabilities
0.3333333333333333,0.3333333333333333,0.3333333333333333
0.3333333333333333,0.3333333333333333,0.3333333333333333
0.3333333333333333,0.3333333333333333,0.3333333333333333

0.3333333333333333,0.3333333333333333,0.3333333333333333
0.3333333333333333,0.3333333333333333,0.3333333333333333
0.3333333333333333,0.3333333333333333,0.3333333333333333

Transition Gammas
1.0,1.0,1.0
1.0,1.0,1.0
1.0,1.0,1.0

1.0,1.0,1.0
1.0,1.0,1.0
1.0,1.0,1.0

Iteration: ,2500
Error:,0.21757359055337858
Absolute Error:,1
Transition Probabilities
0.9748803827751196,0.019250197751107666,0.005869419473772719
0.9963302752293578,0.001834862385321101,0.001834862385321101
0.0034843205574912905,0.982566161396337,0.013949518046171774

0.013846153846153847,0.3154590365789511,0.6706948095748949
0.8567735903703302,0.09924151847803947,0.043984891151630255
0.564179306411153,0.42129021680112144,0.01453047678772578

Transition Gammas
815.0,16.09316531992601,4.906834680073993
543.0,1.0,1.0
1.0,281.9964883207486,4.0035116792512975

9.0,205.04837377631821,435.9516262236817
19.47881574645149,2.2562638187718056,1.0
80.1668545319375,59.86308101384178,2.0647028447945206

Iteration: ,5000
Error:,0.22322773281731306
Absolute Error:,1
Transition Probabilities
0.9755826859045506,0.01897132665918536,0.005445987436264143
0.998805256869773,0.0005973715651135006,0.0005973715651135006
0.0028901734104046263,0.9855231444752869,0.011586682114308553

0.015192620727075421,0.7085620563148247,0.2762453229580999
0.8248326428688765,0.1400247942219728,0.035142562909150715
0.5877910128900208,0.3986504116951138,0.013558575414865461

Transition Gammas
879.0,17.09316531992601,4.906834680073993
1672.0,1.0,1.0
1.0,340.99100798844904,4.008992011550757

28.0,1305.8798697882219,509.12013021177813
46.75217740048377,7.936717922756359,1.9919087218974931
89.50894465860232,60.706572329344944,2.0647028447945206

Iteration: ,7500
Error:,0.2345025735406748
Absolute Error:,1
Transition Probabilities
0.9771062271062271,0.018271782411215253,0.004621990482557642
0.9992094861660079,0.0003952569169960474,0.0003952569169960474
0.0026178010471204186,0.9868738088540684,0.010508390098811262

0.022154055896387206,0.787268225672501,0.1905777184311119
0.6783532863586672,0.30519010909932476,0.016456604542007987
0.5877910128900208,0.3986504116951138,0.013558575414865461

Transition Gammas
1067.0,19.952786393047056,5.047213606952945
2528.0,1.0,1.0
1.0,376.98579498225416,4.014205017745903

65.0,2309.8449741231157,559.1550258768818
217.14310702948814,97.69235272703727,5.26781297189413
89.50894465860232,60.706572329344944,2.0647028447945206

Iteration: ,9329
Error:,0.23775934246022457
Absolute Error:,1
Transition Probabilities
0.9785169785169785,0.017812653366885003,0.003670368116136481
0.9992989835261129,0.0003505082369435682,0.0003505082369435682
0.0025510204081632647,0.9872063349964346,0.010242644595402053

0.021671826625387035,0.8130867074495228,0.16524146592509015
0.6097599354946006,0.37648482890233587,0.013755235603063387
0.5877910128900208,0.3986504116951138,0.013558575414865461


Model Num 2
Model States: 
"['diamond', 'x', 'square']","['diamond', 'x', 'diamond']","['square', 'y', 'diamond', 'x', 'square']","['square', 'y', 'diamond', 'x', 'diamond']"
Iteration: ,0
Error:,0.6710322933032092
Absolute Error:,0.74
Transition Probabilities
0.25,0.25,0.25,0.25
0.25,0.25,0.25,0.25
0.25,0.25,0.25,0.25
0.25,0.25,0.25,0.25

0.25,0.25,0.25,0.25
0.25,0.25,0.25,0.25
0.25,0.25,0.25,0.25
0.25,0.25,0.25,0.25

Transition Gammas
1.0,1.0,1.0,1.0
1.0,1.0,1.0,1.0
1.0,1.0,1.0,1.0
1.0,1.0,1.0,1.0

1.0,1.0,1.0,1.0
1.0,1.0,1.0,1.0
1.0,1.0,1.0,1.0
1.0,1.0,1.0,1.0

Iteration: ,2500
Error:,0.05023927518015644
Absolute Error:,0.7335353971519336
Transition Probabilities
0.0019841269841269845,0.0019841269841269845,0.9773108141336637,0.01872093189808239
0.9734539863537602,0.02115517806672492,0.0026954177897574125,0.0026954177897574125
0.030967220087298918,0.010552460964569176,0.027575916392497637,0.9309044025556342
0.02725945748559084,0.007607372550940881,0.019614387730308436,0.9455187822331599

0.015682338765995472,0.005581729821563478,0.9625350453782376,0.01620088603420339
0.8203852189654268,0.03922755420202395,0.10115967263052525,0.03922755420202395
0.9704924059774991,0.003361221665805442,0.011739825516392292,0.014406546840303314
0.002613206249611933,0.9751175938908835,0.016066614867381934,0.006202584992122665

Transition Gammas
1.0,1.0,492.5646503233664,9.435349676633523
361.15142893724504,7.848571062754946,1.0,1.0
12.172184908997925,4.147821656048501,10.839176148788942,365.90757867719753
6.826397841789037,1.9050618153673207,4.911895775657573,236.77974434448072

3.4688386506884106,1.234644936042514,212.90694059549037,3.5835381756131506
20.913493987935116,1.0,2.5787912269408295,1.0
319.4422778828435,1.1063623978722306,3.864220453251472,4.7419846984346945
1.018113484362181,379.90892273678884,6.259604364165511,2.4165468834770927

Iteration: ,5000
Error:,0.043142485714002865
Absolute Error:,0.7351813651968221
Transition Probabilities
0.0009970089730807572,0.0009970089730807572,0.9744827661558644,0.02352321589797412
0.9810978696498304,0.016184739045821753,0.0013586956521739132,0.0013586956521739132
0.02865637397668285,0.009232957299105045,0.02036794232687195,0.9417427263973401
0.01791525136428471,0.0038942856866266457,0.020245270077155195,0.9579451928719335

0.014428912140467123,0.0028098654838525196,0.9748259556224688,0.00793526675321165
0.8340725188241915,0.04518745210703779,0.07573974451561297,0.04500028455315775
0.9725628605251135,0.0016414813013341356,0.010552757239697324,0.015242900933854997
0.0013088889503302433,0.9722008708839722,0.022246740379665557,0.004243499786032069

Transition Gammas
1.0,1.0,977.4062144543325,23.593785545668055
722.088032062275,11.911967937724809,1.0,1.0
22.24307204846855,7.166619705323927,15.809592973078159,730.9805257085779
8.764036342790838,1.9050618153673207,9.903867889876418,468.6211939771242

6.562759840664387,1.2780223606309469,443.3839897918532,3.609229127321496
36.902348305254925,1.9992543322631877,3.3509969092451355,1.9909733709452668
658.391054279894,1.1112254522886,7.143847710627953,10.318911016925089
1.0190207192757397,756.8960151116914,17.31994863086562,3.303728863413364

Iteration: ,7500
Error:,0.03625485124177729
Absolute Error:,0.737027163040623
Transition Probabilities
0.0006920415224913483,0.0006920415224913483,0.9759200311091163,0.022695885845900994
0.9828101666392656,0.015275957762648227,0.0009569377990430624,0.0009569377990430624
0.027359483274314804,0.007476752040398581,0.017681525605642824,0.9474822390796437
0.014520537197627121,0.005192935843551873,0.01823717354119041,0.9620493534176305

0.015687598093230868,0.0016657464368379758,0.9720605569664439,0.010586098503487249
0.8855085341386191,0.024115009780477658,0.0656645782585695,0.024711877822333653
0.9766902182247087,0.0010223203361923719,0.008976126284736638,0.01331133515436241
0.0009048340090879163,0.9748744577654744,0.02112951055923348,0.0030911976662040415

Transition Gammas
1.0,1.0,1410.2044449526754,32.79555504732699
1027.0366241380323,15.963375861967394,1.0,1.0
30.656355706367616,8.37771560890377,19.812184790299508,1061.6557431097406
10.695090438836136,3.824852877959434,13.432576062244777,708.5967069528806

12.230447937687016,1.2986580196700286,757.8429765731361,8.253189930075665
74.84895247887668,2.0383577927257597,5.550398113782331,2.088808969624351
1066.2644162875472,1.1160793629226822,9.79934463858429,14.532144116455811
1.0199274478638396,1098.8769295913762,23.817150508096272,3.4843930653227804

Iteration: ,10000
Error:,0.03042548577652701
Absolute Error:,0.741840740984594
Transition Probabilities
0.0005205622071837578,0.0005205622071837578,0.9812774548837132,0.0176814207019193
0.9845031556461693,0.013864191292606126,0.0008163265306122457,0.0008163265306122457
0.026261920597258095,0.005886037316917181,0.013422034726323074,0.9544300073595017
0.012303552388257592,0.0037260646259445465,0.016003048996917006,0.9679673339888809

0.018226335940971224,0.0021974154975916917,0.9678031298712979,0.011773118690139233
0.9373835027793556,0.022466761919950055,0.027776483925858263,0.012373251374836127
0.9757748936956572,0.0007697821435117013,0.00944471349084212,0.014010610669988894
0.0006829333024197014,0.9731835530005452,0.023658885042863044,0.0024746286541719687

Transition Gammas
1.0,1.0,1885.0339908316155,33.96600916838702
1206.0163656665563,16.983634333442488,1.0,1.0
38.93342586134769,8.72607913981916,19.898232194803477,1414.947158710713
12.629753502845466,3.824852877959434,16.427333972090583,993.6308182629981

18.73033542107868,2.2581790142937366,994.565078947691,12.098672093647792
251.78590490640238,6.034684804627767,7.460902735810755,3.3235173062148684
1418.1856569235733,1.1187969704257184,13.726892639894617,20.3629415199075
1.0223280266740793,1456.8228226763,35.41654971793232,3.7044352937646092

Iteration: ,12500
Error:,0.02825983390344013
Absolute Error:,0.743248002767964
Transition Probabilities
0.000393081761006289,0.000393081761006289,0.9830521410106121,0.01616169546737521
0.9836292903537598,0.014810647243744129,0.0007800312012480507,0.0007800312012480507
0.02480825831795854,0.0045590050342520635,0.011145712258481011,0.9594870243893084
0.012321270905493946,0.003320523329322355,0.013995514585129253,0.9703626911800544

0.019855578779089424,0.0022644708893670125,0.9661513340487891,0.0117286162827544
0.9521792555895455,0.022536967714208454,0.018328226793470792,0.006955549902775262
0.9744544445419626,0.0006502937097561068,0.009806126740772582,0.015089135007508728
0.0005271094070776983,0.9768301930879377,0.020719186582334116,0.0019235109226504758

Transition Gammas
1.0,1.0,2500.884646730999,41.11535326900257
1261.0127502335188,18.98724976647995,1.0,1.0
47.690285849346516,8.764027304355404,21.426018577722765,1844.4749274777164
14.49314255092592,3.905832306153223,16.462505330143905,1141.4086190655703

22.164949831219268,2.5278479270488488,1078.5228719250185,13.092753144554504
634.6497874556648,15.02141711842038,12.216192666068382,4.636037008284154
1678.157146106902,1.1199035955021335,16.887625437834252,25.985760425491254
1.0263864784306536,1902.0819747208102,40.344362416311185,3.745456968919364

Iteration: ,14584
Error:,0.026741067127781445
Absolute Error:,0.7434916317922657
Transition Probabilities
0.0003265839320705421,0.0003265839320705421,0.9849069786077035,0.014439853528155425
0.9841718076059605,0.014319896768096885,0.0007541478129713432,0.0007541478129713432
0.023353916596277394,0.0038236163182963157,0.009364295598806546,0.9634581714866198
0.012036047487450874,0.0030384208947235123,0.012822437215398119,0.9721030944024276

0.019982895293337594,0.0028508225559434543,0.9662134234878789,0.010952858662840155
0.9559096698078806,0.020997203308532914,0.01635805958546075,0.006735067298125722
0.9736127599848083,0.0005736145302878794,0.009712245498572709,0.01610137998633097
0.00044158555812135174,0.9773552489788664,0.020563954235676328,0.0016392112273359318

*,*,*,*,*,*,*,*,*,*,*
Model Num 2
Model States: 
"['diamond', 'x', 'square']","['diamond', 'x', 'diamond']","['square', 'y', 'diamond', 'x', 'square']","['square', 'y', 'diamond', 'x', 'diamond']"
Iteration: ,14584
Error:,0.02652596794227323
Transition Probabilities
0.0003265839320705421,0.0003265839320705421,0.9849069786077035,0.014439853528155425
0.9841718076059605,0.014319896768096885,0.0007541478129713432,0.0007541478129713432
0.023353916596277394,0.0038236163182963157,0.009364295598806546,0.9634581714866198
0.012036047487450874,0.0030384208947235123,0.012822437215398119,0.9721030944024276

0.019982895293337594,0.0028508225559434543,0.9662134234878789,0.010952858662840155
0.9559096698078806,0.020997203308532914,0.01635805958546075,0.006735067298125722
0.9736127599848083,0.0005736145302878794,0.009712245498572709,0.01610137998633097
0.00044158555812135174,0.9773552489788664,0.020563954235676328,0.0016392112273359318

Transition Gammas
1.0,1.0,3015.7851684967886,44.21483150321192
1305.0118168855022,18.98818311449645,1.0,1.0
53.529001258319354,8.764027304355404,21.46369705592298,2208.321394881835
15.47211026507827,3.905832306153223,16.482999312733693,1249.6200502116487

23.897517336040746,3.409294822024554,1155.4933206208225,13.098508796255077
956.5680212049991,21.01166444285383,16.369325661871926,6.739705854576667
1902.1369313664532,1.1206646289701678,18.974711105492286,31.457095445670518
1.0283495470989514,2276.031924409085,47.888642723705075,3.8173397934521693

