0,1,2,3,4,5,6,7,8,9,10,11,12,13,14,15,16,17,18,19,20,21,22,23,24,25,26,27,28,29
github Code Version (SHA):,cd93f48c3be2409aefa56252372b16f046dc3cc1
Environment Observations,Environment Actions,alpha,epsilon,numActions,explore,patience,gainThresh,insertRandActions,useBudd,revisedSplitting,haveControl,confidence_factor
"['square', 'diamond']","['x', 'y']",0.99,0.99,75000,0.5,0,0.01,False,True,False,True,250

Model Num 0
Model States: 
['square'],['diamond']
Iteration: ,0
Error:,0.6756531039882905
Absolute Error:,1
Transition Probabilities
0.5,0.5
0.5,0.5

0.5,0.5
0.5,0.5

Transition Gammas
1.0,1.0
1.0,1.0

1.0,1.0
1.0,1.0

Iteration: ,1822
Error:,0.24040624841273794
Absolute Error:,1
Transition Probabilities
0.9883333333333333,0.011666666666666667
0.9821073558648111,0.017892644135188866

0.21496815286624205,0.785031847133758
0.061855670103092786,0.9381443298969072


Model Num 1
Model States: 
['diamond'],"['square', 'y', 'diamond']","['square', 'y', 'square']"
Iteration: ,0
Error:,0.6186486277939385
Absolute Error:,1
Transition Probabilities
0.3333333333333333,0.3333333333333333,0.3333333333333333
0.3333333333333333,0.3333333333333333,0.3333333333333333
0.3333333333333333,0.3333333333333333,0.3333333333333333

0.3333333333333333,0.3333333333333333,0.3333333333333333
0.3333333333333333,0.3333333333333333,0.3333333333333333
0.3333333333333333,0.3333333333333333,0.3333333333333333

Transition Gammas
1.0,1.0,1.0
1.0,1.0,1.0
1.0,1.0,1.0

1.0,1.0,1.0
1.0,1.0,1.0
1.0,1.0,1.0

Iteration: ,2500
Error:,0.13373285543071547
Absolute Error:,1
Transition Probabilities
0.011093502377179083,0.9807812100237676,0.008125287599053344
0.024021602409770644,0.9588226009105592,0.017155796679670206
0.012840033705300194,0.9404042112930029,0.04675575500169682

0.6644444444444445,0.01191834495531937,0.32363721060023615
0.9973787680209698,0.001310615989515072,0.001310615989515072
0.017543859649122806,0.18755311051195378,0.7949030298389235

Transition Gammas
7.0,618.8729435249973,5.127056475002659
10.79838226898363,431.01758143170457,7.712010527686017
1.8344285175062083,134.3535650118051,6.679896042425607

299.0,5.363255229893715,145.63674477010625
761.0,1.0,1.0
1.0,10.690527299181365,45.30947270081864

Iteration: ,3986
Error:,0.12973945414306162
Absolute Error:,1
Transition Probabilities
0.013874066168623278,0.9806450526411933,0.005480881190183545
0.018343904928650134,0.9610985907651979,0.020557504306151927
0.018498092741802946,0.9512530771759878,0.03024883008220911

0.6597671410090556,0.007040189508744819,0.3331926694821996
0.998289136013687,0.000855431993156544,0.000855431993156544
0.01176470588235294,0.17114214190292124,0.8170931522147258


Model Num 2
Model States: 
"['square', 'y', 'diamond']","['square', 'y', 'square']","['diamond', 'y', 'diamond']","['diamond', 'y', 'square', 'y', 'square']"
Iteration: ,0
Error:,0.6761521356241579
Absolute Error:,0.74
Transition Probabilities
0.25,0.25,0.25,0.25
0.25,0.25,0.25,0.25
0.25,0.25,0.25,0.25
0.25,0.25,0.25,0.25

0.25,0.25,0.25,0.25
0.25,0.25,0.25,0.25
0.25,0.25,0.25,0.25
0.25,0.25,0.25,0.25

Transition Gammas
1.0,1.0,1.0,1.0
1.0,1.0,1.0,1.0
1.0,1.0,1.0,1.0
1.0,1.0,1.0,1.0

1.0,1.0,1.0,1.0
1.0,1.0,1.0,1.0
1.0,1.0,1.0,1.0
1.0,1.0,1.0,1.0

Iteration: ,2500
Error:,0.01935711670265607
Absolute Error:,0.38452023536435914
Transition Probabilities
0.969088606409748,0.016374678030716606,0.010297256518565319,0.004239459040970027
0.9589199046433313,0.021010982325130954,0.01321105147395817,0.0068580615575796105
0.9824303777631299,0.007978250949720113,0.0071252586973359075,0.0024661125898140543
0.9566636778148291,0.025031038468245472,0.012174958030566445,0.00613032568635892

0.0013774104683195606,0.0013774104683195606,0.9864059892097228,0.010839189853638177
0.04407904215658575,0.9365034821152589,0.009708737864077669,0.009708737864077669
0.0030864197530864187,0.0030864197530864187,0.03143973497153017,0.9623874255222971
0.04191297865486277,0.9449291266082951,0.006578947368421051,0.006578947368421051

Transition Gammas
445.3656758515651,7.525338240245891,4.732327445059978,1.948335300341275
139.82375290631822,3.063691124485368,1.9263535859279592,1.0
398.37207020511806,3.235152759315695,2.8892673946703926,1.0
156.05429903073147,4.083149860038276,1.9860214046470517,1.0

1.0,1.0,716.1307481662581,7.869251833741308
4.540141342128333,96.45985865787168,1.0,1.0
1.0,1.0,10.18647413077578,311.81352586922435
6.370772755539143,143.62922724446088,1.0,1.0

Iteration: ,5000
Error:,0.018674855813940884
Absolute Error:,0.38385137875907155
Transition Probabilities
0.9716835639381161,0.015153468171685367,0.011125230052826576,0.002037737837372101
0.9771053652643736,0.011734133482649189,0.007346710155877657,0.0038137910970994534
0.9701599254662879,0.010659131695555726,0.015634165197773036,0.003546777640383317
0.962292325644394,0.0262263727334891,0.00801596674273123,0.0034653348793858008

0.0006854009595613435,0.0006854009595613435,0.9863356291621038,0.012293568918773414
0.05130504158656744,0.9381686426239588,0.005263157894736842,0.005263157894736842
0.0016051364365971092,0.0016051364365971092,0.03114997319988317,0.9656397539269226
0.03567707925875766,0.956804123748761,0.0037593984962406013,0.0037593984962406013

Transition Gammas
929.0524785187803,14.488633630892982,10.637128112757107,1.948335300341275
256.2031690743373,3.076763562527975,1.9263535859279592,1.0
823.7044929715095,9.050028184357705,13.274030166804652,3.0113557582276638
332.6009654895105,9.064726653207996,2.770590814157082,1.1977376270317637

1.0,1.0,1439.0636829475093,17.93631705249041
9.747957901447814,178.25204209855218,1.0,1.0
1.0,1.0,19.406433303527233,601.5935666964733
9.490103082829538,254.50989691717044,1.0,1.0

Iteration: ,7500
Error:,0.015282066935520297
Absolute Error:,0.38424200217612
Transition Probabilities
0.9742137983040444,0.013691251241974369,0.010476674622280868,0.001618275831700224
0.9688512417071918,0.02212349497107128,0.006955715553994967,0.002069547767741919
0.9718694700341862,0.009310979495949898,0.015935224539415996,0.002884325930447847
0.9651922623172027,0.02197466530157082,0.008102472108215145,0.004730600273011345

0.0004819277108433739,0.0004819277108433739,0.9841097193351616,0.014926425243151575
0.03035454807535181,0.9658860534284075,0.001879699248120302,0.001879699248120302
0.0009940357852882703,0.0009940357852882703,0.022367997140971013,0.9756439312884525
0.02497310987596372,0.971350419535801,0.0018382352941176466,0.0018382352941176466

Transition Gammas
1172.9119944410907,16.483684411546843,12.613470829218082,1.948335300341275
516.1938909903992,11.787168617651616,3.705933090525191,1.1026335817444883
1046.3166488901518,10.024219470279812,17.155895162348667,3.1052711654241003
442.3742436214043,10.071595392070366,3.7135865156337524,2.1681646231026814

1.0,1.0,2042.0276676204585,30.97233237953949
16.148619576087153,513.8513804239125,1.0,1.0
1.0,1.0,22.502205123816843,981.4977948761833
13.585371772524265,528.4146282274759,1.0,1.0

Iteration: ,10000
Error:,0.014452684763578744
Absolute Error:,0.3844206900953123
Transition Probabilities
0.9738524816817722,0.014437598140054653,0.009631937585675081,0.002077982592497953
0.9626475581059358,0.025542592651904384,0.01012024629528973,0.0016896029468701046
0.9704110792565175,0.011238078504655103,0.0159596454165641,0.0023911968222633238
0.9706983123017908,0.020450971743712,0.006386045824257312,0.0024646701302398866

0.00035112359550561797,0.00035112359550561797,0.984539907392323,0.014757845416665721
0.033229515651854565,0.963486412098556,0.0016420361247947474,0.0016420361247947474
0.0006506180871828249,0.0006506180871828249,0.018661647117910123,0.9800371167077242
0.020961346320446127,0.9759617306026308,0.0015384615384615374,0.0015384615384615374

Transition Gammas
1375.0067734555685,20.384807358833303,13.599574546375981,2.933955802908878
628.2230549598685,16.669076290960692,6.604464937388389,1.1026335817444883
1281.441976071856,14.840046485546312,21.074944420128524,3.1576102608448005
853.9210641682816,17.99067262541669,5.617789767395637,2.1681646231026814

1.0,1.0,2803.969656253336,42.03034374666397
20.236775031979406,586.7632249680199,1.0,1.0
1.0,1.0,28.682951620227804,1506.3170483797692
13.624875108289991,634.3751248917105,1.0,1.0

Iteration: ,12500
Error:,0.01324693419822078
Absolute Error:,0.38456615764360674
Transition Probabilities
0.9745749385854686,0.013905594349069222,0.00969155258208067,0.0018279144833814836
0.9667307185768601,0.023009801998666698,0.00908721091637548,0.0011722685080977268
0.9703195562735162,0.011588525895656385,0.01589791318435107,0.002194004646476376
0.9697196390222188,0.018755860773180418,0.008406298241028735,0.003118201963572027

0.00029455081001472747,0.00029455081001472747,0.984370182653587,0.015040715726383594
0.019756751660258545,0.9783999303673911,0.0009216589861751156,0.0009216589861751156
0.0005091649694501029,0.0005091649694501029,0.02073981357494994,0.9782418564861499
0.02083447287908214,0.9770446363467927,0.001060445387062566,0.001060445387062566

Transition Gammas
1564.2743806826406,22.319643289808088,15.555753398698705,2.933955802908878
909.3051186170419,21.64297702937717,8.547413712452471,1.1026335817444883
1406.2218430551204,16.794506652907593,23.039825008460095,3.179630089584454
979.463101319758,18.944314234312387,8.490762292984948,3.149532754499198

1.0,1.0,3341.9367701089286,51.06322989107231
21.43607555138051,1061.563924448619,1.0,1.0
1.0,1.0,40.73299386120161,1921.2670061387946
19.646907924974464,921.3530920750259,1.0,1.0

Iteration: ,12910
Error:,0.014131772260379379
Absolute Error:,0.3847133803245837
Transition Probabilities
0.9733198503795059,0.015394687079506007,0.009494680006249027,0.0017907825347390487
0.9657629586911876,0.023623449711670023,0.008545046895072626,0.002068544702069845
0.9706379787190281,0.011464374989908738,0.015727200930280308,0.0021704453607828056
0.9698067189528988,0.018702195216009004,0.008381924846585294,0.0031091609845068885

0.0002881844380403458,0.0002881844380403458,0.9841304109789744,0.015293220144944964
0.018889271170950486,0.9794286430426743,0.0008410428931875529,0.0008410428931875529
0.0004943153732081077,0.0004943153732081077,0.020629939581846037,0.9783814296717378
0.020630312383518302,0.9773716856184798,0.0009990009990009988,0.0009990009990009988

*,*,*,*,*,*,*,*,*,*,*
Model Num 2
Model States: 
"['square', 'y', 'diamond']","['square', 'y', 'square']","['diamond', 'y', 'diamond']","['diamond', 'y', 'square', 'y', 'square']"
Iteration: ,12910
Error:,0.013461912795549015
Transition Probabilities
0.9733198503795059,0.015394687079506007,0.009494680006249027,0.0017907825347390487
0.9657629586911876,0.023623449711670023,0.008545046895072626,0.002068544702069845
0.9706379787190281,0.011464374989908738,0.015727200930280308,0.0021704453607828056
0.9698067189528988,0.018702195216009004,0.008381924846585294,0.0031091609845068885

0.0002881844380403458,0.0002881844380403458,0.9841304109789744,0.015293220144944964
0.018889271170950486,0.9794286430426743,0.0008410428931875529,0.0008410428931875529
0.0004943153732081077,0.0004943153732081077,0.020629939581846037,0.9783814296717378
0.020630312383518302,0.9773716856184798,0.0009990009990009988,0.0009990009990009988

Transition Gammas
1594.6533806928596,25.22211972402597,15.555753398698705,2.933955802908878
966.0304568785596,23.629992963221014,8.547413712452471,2.069117650072584
1421.9522771655236,16.79492713101339,23.039825008460095,3.179630089584454
982.3994454117935,18.945039098128454,8.490762292984948,3.149532754499198

1.0,1.0,3414.9325260970413,53.06747390295903
22.45934342226012,1164.5406565777394,1.0,1.0
1.0,1.0,41.73436777407445,1979.2656322259218
20.650942695901826,978.3490573040984,1.0,1.0

