0,1,2,3,4,5,6,7,8,9,10,11,12,13,14,15,16,17,18,19,20,21,22,23,24,25,26,27,28,29
github Code Version (SHA):,32a229dd34421fba547a58d2c923a1ee52132eb5
Environment Observations,Environment Actions,alpha,epsilon,numActions,explore,patience,gainThresh,insertRandActions,useBudd,revisedSplitting,haveControl,confidence_factor
"['square', 'diamond']","['x', 'y']",0.99,0.99,75000,0.5,0,0.01,False,True,False,True,250

Model Num 0
Model States: 
['square'],['diamond']
Iteration: ,0
Error:,0.6719323385617226
Absolute Error:,1
Transition Probabilities
0.5,0.5
0.5,0.5

0.5,0.5
0.5,0.5

Transition Gammas
1.0,1.0
1.0,1.0

1.0,1.0
1.0,1.0

Iteration: ,2397
Error:,0.2546068092227337
Absolute Error:,1
Transition Probabilities
0.9807692307692307,0.019230769230769232
0.6326530612244898,0.3673469387755102

0.02837837837837838,0.9716216216216216
0.782,0.218


Model Num 1
Model States: 
['square'],"['diamond', 'x', 'square']","['diamond', 'x', 'diamond']"
Iteration: ,0
Error:,0.7042055924942429
Absolute Error:,1
Transition Probabilities
0.3333333333333333,0.3333333333333333,0.3333333333333333
0.3333333333333333,0.3333333333333333,0.3333333333333333
0.3333333333333333,0.3333333333333333,0.3333333333333333

0.3333333333333333,0.3333333333333333,0.3333333333333333
0.3333333333333333,0.3333333333333333,0.3333333333333333
0.3333333333333333,0.3333333333333333,0.3333333333333333

Transition Gammas
1.0,1.0,1.0
1.0,1.0,1.0
1.0,1.0,1.0

1.0,1.0,1.0
1.0,1.0,1.0
1.0,1.0,1.0

Iteration: ,2500
Error:,0.23595666529381573
Absolute Error:,1
Transition Probabilities
0.9763313609467456,0.017347148305946424,0.006321490747308015
0.9962894248608535,0.0018552875695732839,0.0018552875695732839
0.0034364261168384875,0.9724723450491071,0.024091228834054398

0.027820710973724884,0.2965750835390925,0.6756042054871827
0.7383883617792089,0.11274467361431319,0.14886696460647802
0.5345533725531013,0.45864926543083073,0.006797362016067998

Transition Gammas
825.0,14.65834031852473,5.341659681475273
537.0,1.0,1.0
1.0,282.9894524092902,7.010547590709831

18.0,191.88407904979286,437.11592095020717
12.662513485019518,1.9334418361705594,2.5528976950033626
78.64129809321516,67.47459740214646,1.0

Iteration: ,5000
Error:,0.22790403999999667
Absolute Error:,1
Transition Probabilities
0.9775880469583778,0.01564390642318541,0.00676804661843679
0.9987531172069826,0.0006234413965087282,0.0006234413965087282
0.0025906735751295316,0.9791728063749465,0.018236520049923884

0.025981205085682697,0.6745152683123663,0.299503526601951
0.7959192697795484,0.1509702659440406,0.053110464276411036
0.5469355603323514,0.44661860045137,0.006445839216278631

Transition Gammas
916.0,14.65834031852473,6.341659681475273
1602.0,1.0,1.0
1.0,377.96070326072964,7.0392967392706245

47.0,1220.1981203770706,541.8018796229294
68.14677331528681,12.926105550235865,4.5473289906860614
84.85094678612121,69.28789029106683,1.0

Iteration: ,7500
Error:,0.22553590703202286
Absolute Error:,1
Transition Probabilities
0.9793307086614174,0.014427500313508592,0.006241791025074087
0.9992409867172676,0.0003795066413662239,0.0003795066413662239
0.0022321428571428544,0.9820102947813668,0.015757562361490313

0.026755852842809354,0.7692090774539748,0.2040350697032158
0.8164639496754867,0.16207794616322974,0.021458104161283503
0.5469355603323514,0.44661860045137,0.006445839216278631

Transition Gammas
995.0,14.65834031852473,6.341659681475273
2633.0,1.0,1.0
1.0,439.9406120620528,7.059387937947668

80.0,2299.9351415873857,610.0648584126155
173.28619640340716,34.39940100559901,4.554265076388076
84.85094678612121,69.28789029106683,1.0

Iteration: ,9846
Error:,0.23106278466885155
Absolute Error:,1
Transition Probabilities
0.9833448993754337,0.012041054742608618,0.004614045881957657
0.9993444772205834,0.00032776138970829236,0.00032776138970829236
0.0022075055187637947,0.9822061630737071,0.01558633140752914

0.02545931758530183,0.8042601295561914,0.17028055285850674
0.6727074628934416,0.3188207267905338,0.00847181031602458
0.5469355603323514,0.44661860045137,0.006445839216278631


Model Num 2
Model States: 
"['diamond', 'x', 'square']","['diamond', 'x', 'diamond']","['square', 'y', 'diamond', 'x', 'square']","['square', 'y', 'diamond', 'x', 'diamond']"
Iteration: ,0
Error:,0.6723726612290034
Absolute Error:,0.74
Transition Probabilities
0.25,0.25,0.25,0.25
0.25,0.25,0.25,0.25
0.25,0.25,0.25,0.25
0.25,0.25,0.25,0.25

0.25,0.25,0.25,0.25
0.25,0.25,0.25,0.25
0.25,0.25,0.25,0.25
0.25,0.25,0.25,0.25

Transition Gammas
1.0,1.0,1.0,1.0
1.0,1.0,1.0,1.0
1.0,1.0,1.0,1.0
1.0,1.0,1.0,1.0

1.0,1.0,1.0,1.0
1.0,1.0,1.0,1.0
1.0,1.0,1.0,1.0
1.0,1.0,1.0,1.0

Iteration: ,2500
Error:,0.02969402891413702
Absolute Error:,0.7412175979644948
Transition Probabilities
0.0020040080160320644,0.0020040080160320644,0.9854921375952618,0.01049984637267417
0.9677199174390693,0.02677044068765254,0.0027548209366391172,0.0027548209366391172
0.007863957528451235,0.00797729825539019,0.01572533644812736,0.9684334077680313
0.00447346701319299,0.00447346701319299,0.01035974930330817,0.9806933166703059

0.024629435665937546,0.006511088127836426,0.944620627557355,0.024238848648870916
0.8724815680552179,0.054520348989994034,0.045552162516494105,0.027445920438294098
0.9782471993215507,0.0030489965046662237,0.009729608733700391,0.008974195440082785
0.002674633002022137,0.9847206700739594,0.006316832324614305,0.00628786459940404

Transition Gammas
1.0,1.0,491.76057666003555,5.23942333996441
351.2823300303823,9.717669969617877,1.0,1.0
2.9163894912254142,2.958422488450631,5.831822691994464,359.1485588710369
1.0,1.0,2.315821100894578,219.22444354190608

6.158983826944179,1.628201596620963,236.21747760017732,6.06131130396166
31.789116711053435,1.986464586333354,1.6597061344292594,1.0
354.4227714011498,1.104663312019375,3.5250751491427827,3.25138596990168
1.0372104214801428,381.8701632991989,2.4496386281329396,2.4384050770431474

Iteration: ,5000
Error:,0.029173846132840776
Absolute Error:,0.7390931217844414
Transition Probabilities
0.001,0.001,0.9806542686385548,0.01734573136144527
0.9755293270499491,0.021723420202798157,0.0013736263736263737,0.0013736263736263737
0.011089413997061422,0.004651085051057863,0.013619858301423928,0.9706396426504568
0.012834569482418874,0.004289214991496976,0.007140200571377034,0.9757360149547071

0.016952442879479123,0.0051638340311831775,0.9632557119306471,0.014628011158690583
0.8908640479908864,0.03484807106442626,0.05390974788266195,0.020378133062025457
0.9678565812030082,0.0015350220894128762,0.016918178462169687,0.013690218245409183
0.0013501700550789684,0.9873040420011504,0.00571409587612448,0.0056316920676461515

Transition Gammas
1.0,1.0,980.6542686385548,17.34573136144527
710.1853500923628,15.814649907637056,1.0,1.0
8.25554034258867,3.4625112098794517,10.139335558898033,722.5949658061371
5.926355258812849,1.9805426162410185,3.2969836084586617,450.54555755539906

8.21649674335745,2.502803035650671,466.8700243596872,7.089892996641118
50.78243439356374,1.986464586333354,3.073048285200133,1.1616264093488333
699.3747395252998,1.1092094580938052,12.225103269448828,9.892573967443303
1.0377718694829607,758.8646760171933,4.391985985368154,4.328648516095019

Iteration: ,7500
Error:,0.027340163908491234
Absolute Error:,0.739524750935761
Transition Probabilities
0.0006887052341597793,0.0006887052341597793,0.9852286129760311,0.013393976555649256
0.9746398514966805,0.023473356050489266,0.0009433962264150939,0.0009433962264150939
0.014253892188587077,0.0035018319000971743,0.014573755630746192,0.9676705202805697
0.010675726336903201,0.0026761604794230606,0.012419660554619483,0.9742284526290543

0.0204076860551835,0.0051138423999735364,0.9626868617708502,0.011791609773992821
0.9110981640993252,0.02292505742640722,0.0521277496678994,0.013849028806368319
0.9699252926828517,0.0010137818808749741,0.016139998964482868,0.012920926471790476
0.0009217291999728767,0.9870455802950558,0.006070195395537388,0.005962495109433666

Transition Gammas
1.0,1.0,1430.5519460411979,19.448053958802728
1033.1182425864818,24.88175741351863,1.0,1.0
15.784085529998794,3.8777628939180975,16.13828716574582,1071.5525313988617
7.900770948579914,1.9805426162410185,9.19140208399398,720.9959878050203

15.654047966043947,3.922656101407535,738.4446364811398,9.044946325606167
79.75233917266242,2.0067288328157287,4.5629660289478275,1.2122650292785024
1064.3232470009373,1.1124481765178393,17.71082395114644,14.178455310385514
1.0382812206545409,1111.856812153263,6.837767410510153,6.716448497619137

Iteration: ,10000
Error:,0.023669102295363748
Absolute Error:,0.741747359353792
Transition Probabilities
0.0005219206680584542,0.0005219206680584542,0.9887759704254867,0.010180188238396426
0.9776910234740006,0.02071153243654257,0.0007987220447284348,0.0007987220447284348
0.017090327516193653,0.0034897264222695586,0.013010813778265826,0.966409132283271
0.011397404593806419,0.0029275875143047365,0.01274806921761213,0.9729269386742767

0.017655820668297278,0.005179665976803475,0.9655570398879344,0.011607473466964934
0.9492208805651959,0.01592177347302735,0.029966261257643807,0.004891084704133044
0.9706980645200264,0.0007567978178213728,0.01637859535342816,0.012166542308724044
0.0007017155104453155,0.9862207198204567,0.006291059770294093,0.006786504898803927

Transition Gammas
1.0,1.0,1894.4947593352356,19.505240664767584
1224.0691613894483,25.930838610551287,1.0,1.0
25.1774915080419,5.141069255625942,19.16754685389205,1423.715121802145
11.761929270427146,3.021220927346048,13.15579237693684,1004.0441877617192

18.27008679437903,5.359872460191786,999.1498698982612,12.011310699688531
238.70192211791962,4.003870973924174,7.535658251247277,1.2299680127379213
1429.293276134845,1.1143383014165837,24.116475623924888,17.914486235498853
1.0401149854696796,1461.8216847094907,9.324897973846703,10.059269517542527

Iteration: ,12500
Error:,0.02312498762157911
Absolute Error:,0.7436591942478156
Transition Probabilities
0.0003926187671770709,0.0003926187671770709,0.9899665230799971,0.009248239385648843
0.975106348045709,0.023381936156860995,0.0007558578987150419,0.0007558578987150419
0.014133257072581814,0.0037053404374628104,0.010518127335704926,0.9716432751542504
0.012564611852418072,0.0036065225554070706,0.011382260782795325,0.9724466048093796

0.017807817740941662,0.00569206220747238,0.9621257416565837,0.014374378395002147
0.9572793924667289,0.015463972773073773,0.022364063306073503,0.004892571454123773
0.9665258167296124,0.0006389601085177056,0.019836080511563887,0.012999142650306042
0.000537206996129686,0.9854904750642676,0.007788659203177881,0.006183658736424925

Transition Gammas
1.0,1.0,2521.4447342847534,23.55526571524761
1290.0656984644722,30.93430153552708,1.0,1.0
27.164547700961844,7.121776427390366,20.216158969459176,1867.5277723102238
14.542791523790552,4.174335527845179,13.1742904259914,1125.549154074273

19.82485454514517,6.336784605876741,1071.1027684559554,16.00252007311514
617.6148565813312,9.977002953974605,14.428784177380544,3.1565756462866634
1686.971566044454,1.1152392582262447,34.62184167827368,22.688668687839897
1.0432195378839362,1913.7556386875096,15.125047725017318,12.008245715191455

Iteration: ,14708
Error:,0.023862342015882852
Absolute Error:,0.743956393366267
Transition Probabilities
0.00032446463335496385,0.00032446463335496385,0.9907233418360766,0.0086277288972134
0.9746459697090891,0.023902651481041527,0.0007256894049346882,0.0007256894049346882
0.013847967523799116,0.003495780314187265,0.00873191563023081,0.9739243365317828
0.012036003101227395,0.003309213294109084,0.010271333730158351,0.9743834498745052

0.017966917551338505,0.006541959728651402,0.9613824649494264,0.014108657770583654
0.9573386037121853,0.017940783481058743,0.020525517486709242,0.004195095320046776
0.9680825092166905,0.000564067101125121,0.01893051776946042,0.012422905912724094
0.0004458820669096537,0.9871457679209081,0.007285033982147894,0.005123316030034244

*,*,*,*,*,*,*,*,*,*,*
Model Num 2
Model States: 
"['diamond', 'x', 'square']","['diamond', 'x', 'diamond']","['square', 'y', 'diamond', 'x', 'square']","['square', 'y', 'diamond', 'x', 'diamond']"
Iteration: ,14708
Error:,0.023088689785128572
Transition Probabilities
0.00032446463335496385,0.00032446463335496385,0.9907233418360766,0.0086277288972134
0.9746459697090891,0.023902651481041527,0.0007256894049346882,0.0007256894049346882
0.013847967523799116,0.003495780314187265,0.00873191563023081,0.9739243365317828
0.012036003101227395,0.003309213294109084,0.010271333730158351,0.9743834498745052

0.017966917551338505,0.006541959728651402,0.9613824649494264,0.014108657770583654
0.9573386037121853,0.017940783481058743,0.020525517486709242,0.004195095320046776
0.9680825092166905,0.000564067101125121,0.01893051776946042,0.012422905912724094
0.0004458820669096537,0.9871457679209081,0.007285033982147894,0.005123316030034244

Transition Gammas
1.0,1.0,3053.409339538792,26.590660461211737
1343.0621462591243,32.93785374087521,1.0,1.0
32.115722730309294,8.107291637098754,20.250753823837076,2258.6913132631425
15.455875360483375,4.249482804618821,13.189798356155888,1251.2417143729704

21.661365713421,7.887150467512076,1159.0667739324185,17.009751106212644
957.5480778307985,17.94470908250462,20.530008650721577,4.196013243852687
1914.9626964341398,1.115780366504454,37.44643148447385,24.573733310631333
1.0450773264933202,2313.7141781640967,17.0749720665908,12.008245715191455

