0,1,2,3,4,5,6,7,8,9,10,11,12,13,14,15,16,17,18,19,20,21,22,23,24,25,26,27,28,29
github Code Version (SHA):,cd93f48c3be2409aefa56252372b16f046dc3cc1
Environment Observations,Environment Actions,alpha,epsilon,numActions,explore,patience,gainThresh,insertRandActions,useBudd,revisedSplitting,haveControl,confidence_factor
"['square', 'diamond']","['x', 'y']",0.99,0.99,75000,0.5,0,0.01,False,True,False,True,250

Model Num 0
Model States: 
['square'],['diamond']
Iteration: ,0
Error:,0.6761165515256394
Absolute Error:,1
Transition Probabilities
0.5,0.5
0.5,0.5

0.5,0.5
0.5,0.5

Transition Gammas
1.0,1.0
1.0,1.0

1.0,1.0
1.0,1.0

Iteration: ,1764
Error:,0.25575894001211547
Absolute Error:,1
Transition Probabilities
0.9667832167832168,0.033216783216783216
0.9701195219123506,0.029880478087649404

0.21546052631578946,0.7845394736842105
0.11363636363636363,0.8863636363636364


Model Num 1
Model States: 
['diamond'],"['square', 'y', 'diamond']","['square', 'y', 'square']"
Iteration: ,0
Error:,0.6141563449644183
Absolute Error:,1
Transition Probabilities
0.3333333333333333,0.3333333333333333,0.3333333333333333
0.3333333333333333,0.3333333333333333,0.3333333333333333
0.3333333333333333,0.3333333333333333,0.3333333333333333

0.3333333333333333,0.3333333333333333,0.3333333333333333
0.3333333333333333,0.3333333333333333,0.3333333333333333
0.3333333333333333,0.3333333333333333,0.3333333333333333

Transition Gammas
1.0,1.0,1.0
1.0,1.0,1.0
1.0,1.0,1.0

1.0,1.0,1.0
1.0,1.0,1.0
1.0,1.0,1.0

Iteration: ,2500
Error:,0.13074171899515677
Absolute Error:,1
Transition Probabilities
0.01692307692307693,0.9749321842889732,0.00814473878794989
0.006019811541234788,0.9815760987380039,0.012404089720761373
0.007382236064894726,0.9495586406399554,0.043059123295149736

0.683371298405467,0.008595370908548582,0.30803333068598454
0.9974193548387097,0.0012903225806451613,0.0012903225806451613
0.027777777777777776,0.20990447304014745,0.7623177491820747

Transition Gammas
11.0,633.7059197878324,5.294080212167426
2.772877268769515,452.13874771896536,5.713637078316522
1.0,128.62750964514117,5.832802272459405

300.0,3.7733678288528276,135.2266321711472
773.0,1.0,1.0
1.0,7.556561029445308,27.44343897055469

Iteration: ,3952
Error:,0.12659745386420238
Absolute Error:,1
Transition Probabilities
0.01702127659574469,0.9773370611459392,0.005641662258316148
0.01426462067823175,0.972881881738569,0.01285349758319919
0.00796867322552786,0.9641649968663275,0.027866329908144617

0.6731266149870802,0.0049323418432231465,0.3219410431696968
0.9982832618025751,0.0008583690987124463,0.0008583690987124463
0.015384615384615385,0.18993020563828653,0.7946851789770981


Model Num 2
Model States: 
"['square', 'y', 'diamond']","['square', 'y', 'square']","['diamond', 'y', 'diamond']","['diamond', 'y', 'square', 'y', 'square']"
Iteration: ,0
Error:,0.6761599339127092
Absolute Error:,0.74
Transition Probabilities
0.25,0.25,0.25,0.25
0.25,0.25,0.25,0.25
0.25,0.25,0.25,0.25
0.25,0.25,0.25,0.25

0.25,0.25,0.25,0.25
0.25,0.25,0.25,0.25
0.25,0.25,0.25,0.25
0.25,0.25,0.25,0.25

Transition Gammas
1.0,1.0,1.0,1.0
1.0,1.0,1.0,1.0
1.0,1.0,1.0,1.0
1.0,1.0,1.0,1.0

1.0,1.0,1.0,1.0
1.0,1.0,1.0,1.0
1.0,1.0,1.0,1.0
1.0,1.0,1.0,1.0

Iteration: ,2500
Error:,0.02740747674542219
Absolute Error:,0.39689197059423925
Transition Probabilities
0.9770037289626133,0.008721036893252019,0.01116116857944798,0.0031140655646866755
0.9236952389391955,0.02803678030886658,0.04100085169398234,0.007267129057955566
0.9729272482332657,0.00830902970315505,0.013871532199444958,0.004892189864134346
0.8823771538885803,0.062476482494127523,0.02225995451717231,0.03288640910011983

0.0013947001394700132,0.0013947001394700132,0.9841788938792874,0.013031705841772623
0.05472865508711418,0.925663501775631,0.00980392156862745,0.00980392156862745
0.0031545741324921117,0.0031545741324921117,0.020409740580627764,0.973281111154388
0.022212283177862994,0.9639946133738612,0.00689655172413793,0.00689655172413793

Transition Gammas
457.1386672641065,4.080560866206162,5.222295041735828,1.4570668870685437
132.1707226117031,4.011757727997121,5.866775065672547,1.0398469737762932
397.1856896504254,3.392060093872771,5.662883934178469,1.9971768789655153
155.72646625959695,11.026171518906509,3.9285514598628364,5.803962913772117

1.0,1.0,705.6562669114494,9.343733088550975
5.582322818885646,94.41767718111436,1.0,1.0
1.0,1.0,6.4698877640590045,308.53011223594115
3.220781060790135,139.7792189392099,1.0,1.0

Iteration: ,5000
Error:,0.01703666557846413
Absolute Error:,0.38847146369435703
Transition Probabilities
0.9770189788251853,0.01122476068133088,0.008298337898296978,0.0034579225951868846
0.9521684341467782,0.017318066287787065,0.020198825652578526,0.010314673912856336
0.9821017744972617,0.0063000476499410155,0.00905043460228594,0.0025477432505115172
0.9158611641485651,0.042787786221334355,0.020578655677973023,0.020772393952127453

0.0006988120195667361,0.0006988120195667361,0.9878373748353121,0.010765001125554362
0.03369772546589417,0.9563520257778869,0.0049751243781094535,0.0049751243781094535
0.0016393442622950826,0.0016393442622950826,0.013981441729289737,0.9827398697461202
0.01822323499566353,0.974832320559892,0.0034722222222222203,0.0034722222222222203

Transition Gammas
951.9504456166651,10.936753700917878,8.085417613545578,3.3691985792888834
276.5585546335798,5.030054777956032,5.866775065672547,2.9959103941650986
813.2222157193438,5.216708534759666,7.494146402761143,2.109640227791642
303.45133157402057,14.1768329220937,6.818304686267089,6.882495788117847

1.0,1.0,1413.5952833893325,15.4047166106683
6.773242818644727,192.22675718135525,1.0,1.0
1.0,1.0,8.528679454866737,599.471320545133
5.2482916787511,280.75170832124905,1.0,1.0

Iteration: ,7500
Error:,0.015623042644661607
Absolute Error:,0.3884670421171621
Transition Probabilities
0.9730835044865708,0.013281617995511247,0.009896393570518192,0.0037384839473999596
0.961311531313901,0.012428964495413327,0.016050857483432532,0.010208646707252982
0.9817927187794714,0.005715050407775695,0.009547163458836518,0.0029450673539165436
0.9236219816299425,0.0387985766391365,0.019817499867617345,0.017761941863303723

0.0004861448711716088,0.0004861448711716088,0.9856889822455435,0.01333872801211332
0.020088274174814034,0.976221688924817,0.0018450184501845037,0.0018450184501845037
0.0010070493454179253,0.0010070493454179253,0.018699566434590906,0.9792863348745732
0.012897838702450114,0.9835560620067697,0.0017730496453900702,0.0017730496453900702

Transition Gammas
1163.7750418441162,15.88436703244617,11.835752829570852,4.47110067353833
542.3679444766941,7.012369773758542,9.055826645998103,5.759675766017211
1056.9058325103206,6.15228651988544,10.277579524237868,3.1703829168336823
409.93226751790394,17.22001946086294,8.795625070477184,7.883304261225947

1.0,1.0,2027.5622364790843,27.437763520917116
10.887844602749196,529.1121553972503,1.0,1.0
1.0,1.0,18.568669469548773,972.4313305304514
7.274381028181867,554.7256189718183,1.0,1.0

Iteration: ,10000
Error:,0.014365588267614192
Absolute Error:,0.38522640105599254
Transition Probabilities
0.973158463872374,0.012214938651699977,0.01131417755720258,0.0033124199187233834
0.9665287033929675,0.011735499768594844,0.0132857869215351,0.008450009916902528
0.9816557110987363,0.005317923845725176,0.009745883482299258,0.003280481573239217
0.9427683529464551,0.03126310072025154,0.016412929035994932,0.009555617297298367

0.00035174111853675656,0.00035174111853675656,0.9864640900454286,0.012832427717497876
0.017864454829795828,0.9788622227479457,0.0016366612111292978,0.0016366612111292978
0.0006535947712418305,0.0006535947712418305,0.0161438872033005,0.9825489232542158
0.010879559208595593,0.9861353661645387,0.0014925373134328356,0.0014925373134328356

Transition Gammas
1345.3496404184846,16.88662631305397,15.641362916008736,4.579277796996034
658.803007906189,7.999123584940522,9.055826645998103,5.759675766017211
1305.4097957761642,7.071796968033992,12.960115876111816,4.362397867350612
821.273180283981,27.23420453583856,14.297784164094045,8.324178662554836

1.0,1.0,2804.5174079991566,36.4825920008465
10.91518190100524,598.0848180989942,1.0,1.0
1.0,1.0,24.700147421049753,1503.2998525789494
7.289304669759048,660.710695330241,1.0,1.0

Iteration: ,12500
Error:,0.01411558085311764
Absolute Error:,0.3852496652013249
Transition Probabilities
0.9727866432984418,0.01316819057406839,0.01114808419318912,0.002897081934300821
0.967291485990367,0.014365116825804873,0.012401908516271612,0.005941488667556486
0.9810628169440825,0.006218546759987289,0.009616397409123312,0.0031022388868069805
0.9488622080376196,0.027853523124365898,0.014097305019980345,0.009186963818034173

0.00029568302779420415,0.00029568302779420415,0.985953594146216,0.01345503979819566
0.01463366323589777,0.9835365105975881,0.0009149130832570896,0.0009149130832570896
0.0005078720162519046,0.0005078720162519046,0.01917316132612824,0.979811094641368
0.011778748969952164,0.986135745294907,0.0010427528675703858,0.0010427528675703858

Transition Gammas
1537.6369664001024,20.81432423725937,17.621239434235672,4.579277796996034
937.6918214042065,13.925536155507244,12.022403126607154,5.759675766017211
1411.5818813992962,8.947426997972418,13.836353913948505,4.46359206439953
962.3560696714287,28.249630782433144,14.297784164094045,9.31761252292015

1.0,1.0,3334.4950554025077,45.5049445974978
15.99459391683628,1075.0054060831649,1.0,1.0
1.0,1.0,37.7519546511465,1929.248045348853
11.295820262184124,945.7041797378157,1.0,1.0

Iteration: ,12790
Error:,0.014022830128191865
Absolute Error:,0.38523022420629977
Transition Probabilities
0.9731538690037876,0.012990839740588837,0.010997374615351245,0.002857916640272367
0.9676499218080123,0.014756593883124733,0.011894894969255701,0.005698589339607059
0.9812045582930846,0.006172040297434142,0.00954439153569497,0.003079009873786369
0.949007616768436,0.027775436214097646,0.014056545473465397,0.009160401544000833

0.0002909514111143435,0.0002909514111143435,0.9853049039317097,0.014113193246061704
0.013736632972264915,0.9845466288303101,0.0008583690987124452,0.0008583690987124452
0.0004970178926441352,0.0004970178926441352,0.01975799572210006,0.9792479684926116
0.01128616167390441,0.9867158363280937,0.0009990009990009992,0.0009990009990009992

*,*,*,*,*,*,*,*,*,*,*
Model Num 2
Model States: 
"['square', 'y', 'diamond']","['square', 'y', 'square']","['diamond', 'y', 'diamond']","['diamond', 'y', 'square', 'y', 'square']"
Iteration: ,12790
Error:,0.013689550940235537
Transition Probabilities
0.9731538690037876,0.012990839740588837,0.010997374615351245,0.002857916640272367
0.9676499218080123,0.014756593883124733,0.011894894969255701,0.005698589339607059
0.9812045582930846,0.006172040297434142,0.00954439153569497,0.003079009873786369
0.949007616768436,0.027775436214097646,0.014056545473465397,0.009160401544000833

0.0002909514111143435,0.0002909514111143435,0.9853049039317097,0.014113193246061704
0.013736632972264915,0.9845466288303101,0.0008583690987124452,0.0008583690987124452
0.0004970178926441352,0.0004970178926441352,0.01975799572210006,0.9792479684926116
0.01128616167390441,0.9867158363280937,0.0009990009990009992,0.0009990009990009992

Transition Gammas
1559.2973715864332,20.815395085401356,17.621239434235672,4.579277796996034
978.0227127246133,14.914778221841823,12.022403126607154,5.759675766017211
1422.4367765874647,8.947509498858015,13.836353913948505,4.46359206439953
965.2945028527871,28.2521187586515,14.297784164094045,9.31761252292015

1.0,1.0,3386.492954813291,48.507045186714144
16.003177412688647,1146.9968225873129,1.0,1.0
1.0,1.0,39.75308739286532,1970.2469126071344
11.297447835578312,987.7025521644215,1.0,1.0

