0,1,2,3,4,5,6,7,8,9,10,11,12,13,14,15,16,17,18,19,20,21,22,23,24,25,26,27,28,29
github Code Version (SHA):,cd93f48c3be2409aefa56252372b16f046dc3cc1
Environment Observations,Environment Actions,alpha,epsilon,numActions,explore,patience,gainThresh,insertRandActions,useBudd,revisedSplitting,haveControl,confidence_factor
"['square', 'diamond']","['x', 'y']",0.99,0.99,75000,0.5,0,0.01,False,True,False,True,250

Model Num 0
Model States: 
['square'],['diamond']
Iteration: ,0
Error:,0.6761157108769926
Absolute Error:,1
Transition Probabilities
0.5,0.5
0.5,0.5

0.5,0.5
0.5,0.5

Transition Gammas
1.0,1.0
1.0,1.0

1.0,1.0
1.0,1.0

Iteration: ,1864
Error:,0.23445502028208945
Absolute Error:,1
Transition Probabilities
0.9819078947368421,0.018092105263157895
0.9842829076620825,0.015717092337917484

0.21484992101105846,0.7851500789889415
0.06666666666666667,0.9333333333333333


Model Num 1
Model States: 
['diamond'],"['square', 'y', 'diamond']","['square', 'y', 'square']"
Iteration: ,0
Error:,0.6189696816099574
Absolute Error:,1
Transition Probabilities
0.3333333333333333,0.3333333333333333,0.3333333333333333
0.3333333333333333,0.3333333333333333,0.3333333333333333
0.3333333333333333,0.3333333333333333,0.3333333333333333

0.3333333333333333,0.3333333333333333,0.3333333333333333
0.3333333333333333,0.3333333333333333,0.3333333333333333
0.3333333333333333,0.3333333333333333,0.3333333333333333

Transition Gammas
1.0,1.0,1.0
1.0,1.0,1.0
1.0,1.0,1.0

1.0,1.0,1.0
1.0,1.0,1.0
1.0,1.0,1.0

Iteration: ,2500
Error:,0.13376638630770427
Absolute Error:,1
Transition Probabilities
0.02130898021308979,0.964938392634871,0.01375262715203932
0.019389435736321056,0.9738664903532412,0.006744073910437724
0.013660614173421414,0.9793841878824889,0.006955197944089731

0.6704805491990846,0.003125218815269172,0.32639423198564604
0.9974259974259975,0.001287001287001287,0.001287001287001287
0.038461538461538464,0.2076947929083559,0.7538436686301057

Transition Gammas
14.0,633.9645239611106,9.035476038889838
8.851990445564143,444.6058660548549,3.0789177483666323
1.9728575891472349,141.44206865267446,1.0044654562249435

293.0,1.3657206222726281,142.63427937772732
775.0,1.0,1.0
1.0,5.400064615617254,19.599935384382746

Iteration: ,4122
Error:,0.12963304957510716
Absolute Error:,1
Transition Probabilities
0.01754385964912281,0.969993774637424,0.012462365713453182
0.022375636507933772,0.9696096808835515,0.00801468260851469
0.014019888786304006,0.9718037481409795,0.014176363072716587

0.6561360874848117,0.0016660477885811643,0.3421978647266072
0.9983539094650206,0.0008230452674897119,0.0008230452674897119
0.014084507042253521,0.16713089681314533,0.8187845961446012


Model Num 2
Model States: 
"['square', 'y', 'diamond']","['square', 'y', 'square']","['diamond', 'y', 'diamond']","['diamond', 'y', 'square', 'y', 'square']"
Iteration: ,0
Error:,0.6763894831906971
Absolute Error:,0.74
Transition Probabilities
0.25,0.25,0.25,0.25
0.25,0.25,0.25,0.25
0.25,0.25,0.25,0.25
0.25,0.25,0.25,0.25

0.25,0.25,0.25,0.25
0.25,0.25,0.25,0.25
0.25,0.25,0.25,0.25
0.25,0.25,0.25,0.25

Transition Gammas
1.0,1.0,1.0,1.0
1.0,1.0,1.0,1.0
1.0,1.0,1.0,1.0
1.0,1.0,1.0,1.0

1.0,1.0,1.0,1.0
1.0,1.0,1.0,1.0
1.0,1.0,1.0,1.0
1.0,1.0,1.0,1.0

Iteration: ,2500
Error:,0.02798077045504833
Absolute Error:,0.3884692946585841
Transition Probabilities
0.9620582321387346,0.019511571375741735,0.014354364148617637,0.0040758323369059985
0.9603042190586805,0.013684420683826935,0.01930790442266217,0.006703455834830425
0.9687324104170455,0.016495160607250085,0.011496667495721032,0.0032757614799833836
0.9430358633061146,0.018132385416503603,0.02085344071394414,0.017978310563437593

0.001406469760900142,0.001406469760900142,0.9752382932772267,0.02194876720097316
0.07832648291274899,0.9036554990692329,0.00900900900900901,0.00900900900900901
0.002994011976047903,0.002994011976047903,0.030018885618299664,0.9639930904296046
0.035260737680092906,0.9520004088167223,0.006369426751592355,0.006369426751592355

Transition Gammas
439.86328319963997,8.920898505944324,6.5629683648335,1.8635140094349296
143.25509747808653,2.0413979029628537,2.8802911361540424,1.0
362.4205146420897,6.171141310126967,4.301113605432527,1.2255222893897115
166.8019094153046,3.2072126070832687,3.688506306398689,3.179960218617157

1.0,1.0,693.3944265201075,15.605573479891902
8.694239603315136,100.30576039668485,1.0,1.0
1.0,1.0,10.026307796512091,321.97369220348804
5.535935815774587,149.46406418422544,1.0,1.0

Iteration: ,5000
Error:,0.021906024818405943
Absolute Error:,0.3855929545709907
Transition Probabilities
0.9659468917261399,0.016361012277603226,0.01474138923116679,0.00295070676509014
0.9671340439776267,0.010981995145343754,0.017899358221729524,0.003984602655299938
0.9700255385208719,0.010136172443917395,0.017019907117696666,0.0028183819175140326
0.9592580451148781,0.014063775498685397,0.015788879342614224,0.010889300043822128

0.0006954102920723236,0.0006954102920723236,0.9806856464059128,0.017923533009942438
0.06831064440518785,0.9203899205665637,0.005649717514124294,0.005649717514124294
0.0015624999999999992,0.0015624999999999992,0.02692758660988386,0.9699474133901161
0.020587948664034926,0.9720591101594945,0.003676470588235293,0.003676470588235293

Transition Gammas
940.0131504530561,15.9217518348113,14.345612426456816,2.871486192536881
257.605596277588,2.9251616416051838,4.767668842191486,1.0613378252369188
780.5870273590751,8.1566560905821,13.696050439237526,2.2679736518169125
352.3976003296389,5.166535493291571,5.800277850747798,4.0003450836347145

1.0,1.0,1410.2259595317007,25.774040468297187
12.090984059718249,162.90901594028176,1.0,1.0
1.0,1.0,17.23365543032568,620.7663445696746
5.599922036617501,264.40007796338256,1.0,1.0

Iteration: ,7500
Error:,0.019023390075181498
Absolute Error:,0.38543904925450606
Transition Probabilities
0.9624909664476288,0.018237022433465245,0.015206061652619078,0.0040659494662868435
0.9695922246553411,0.012491909762822157,0.014123236531393248,0.0037926290504433986
0.9685470950689402,0.013846517271740678,0.013677662688234641,0.003928724971084366
0.9653179844845007,0.012605079357614684,0.013247331201122235,0.008829604956762353

0.00047824007651841276,0.00047824007651841276,0.9809424109779308,0.01810110886903246
0.03608283419247171,0.9595693397205717,0.0021739130434782613,0.0021739130434782613
0.0009756097560975612,0.0009756097560975612,0.02176802903642826,0.9762807514513766
0.019526038283252407,0.9768042369461054,0.0018348623853211012,0.0018348623853211012

Transition Gammas
1155.0408729682647,21.88540676868544,18.248090982582816,4.879357817058892
520.9193616777743,6.711355035977937,7.587795334655035,2.0376131881006367
1035.5946576160948,14.805040855739666,14.624497332886607,4.200690510571734
471.29732173937,6.154179490117439,6.467746188959091,4.310879145550176

1.0,1.0,2051.150581354851,37.84941864514683
16.598103728536987,441.40189627146293,1.0,1.0
1.0,1.0,22.312229762338962,1000.6877702376607
10.64169086437256,532.3583091356273,1.0,1.0

Iteration: ,10000
Error:,0.01790165954457116
Absolute Error:,0.38386283322290093
Transition Probabilities
0.9618700073153291,0.018624924175501663,0.015219062328816658,0.0042860061803526184
0.9712875556697537,0.012063167536741054,0.013450152593745863,0.0031991241997593777
0.9699490770891974,0.013514124762677035,0.011784425048746385,0.004752373099379234
0.9737863524871085,0.011695795263277192,0.009949312650793761,0.0045685395988205105

0.00034602076124567495,0.00034602076124567495,0.9816846293227375,0.017623329154771106
0.038660734156115914,0.9574099927594047,0.0019646365422396864,0.0019646365422396864
0.000635324015247776,0.000635324015247776,0.01875089338957085,0.9799784585799336
0.016723125465888073,0.9801420782958675,0.001567398119122258,0.001567398119122258

Transition Gammas
1335.2448133848275,25.854671853669252,21.126736341276708,5.949730710934857
618.6406682865205,7.683374488861619,8.56678471846886,2.0376131881006367
1275.7278839731046,17.77448548018266,15.49949372228163,6.250570283664738
918.8659063482435,11.03616567187099,9.38818269845765,4.310879145550176

1.0,1.0,2837.0685787427096,50.93142125728846
19.678313685462992,487.3216863145368,1.0,1.0
1.0,1.0,29.51390619518454,1542.4860938048166
10.669354047236583,625.330645952763,1.0,1.0

Iteration: ,12500
Error:,0.017604686694858544
Absolute Error:,0.38391503821089745
Transition Probabilities
0.9624416547889105,0.018091238316372226,0.01569317216215337,0.0037739347325638846
0.975687525041983,0.012158079252687042,0.009958732758664116,0.0021956629466658223
0.9682572175513486,0.01443214040579062,0.012833932891563673,0.00447670915129709
0.973653178497384,0.01089287112320072,0.010063144211490524,0.005390806167924892

0.0002948982601002654,0.0002948982601002654,0.9811347539991189,0.018275449480680602
0.0232852037662049,0.974849124592004,0.0009328358208955226,0.0009328358208955226
0.0005089058524173028,0.0005089058524173028,0.01808570147214356,0.9808964868230218
0.017302072960602138,0.9806232382427174,0.0010373443983402492,0.0010373443983402492

Transition Gammas
1534.324702958539,28.84105620096836,25.01805859748894,6.016407601140243
928.3482947541927,11.568183308721384,9.47554656294364,2.089131919878215
1381.7678599781736,20.5956303778921,18.314881278681494,6.388563608517012
986.6100178924332,11.037827443183259,10.197058983441174,5.462544042632432

1.0,1.0,3327.027950811012,61.972049188987924
24.961738437371647,1045.0382615626281,1.0,1.0
1.0,1.0,35.53840339276209,1927.4615966072379
16.67919833402046,945.3208016659794,1.0,1.0

Iteration: ,12816
Error:,0.016224705610987815
Absolute Error:,0.3840796962792193
Transition Probabilities
0.9628315415355851,0.01790387934282999,0.015529906853724526,0.0037346722678603924
0.974922543490296,0.013516518909203084,0.009472481462199896,0.0020884561383009877
0.9671729890518582,0.01498992813664034,0.01272066066617502,0.005116422145326503
0.9737040290168233,0.010871918828882105,0.010043675393248483,0.005380376761046119

0.0002896032435563278,0.0002896032435563278,0.9811822588412753,0.018238534671612093
0.023505844392612923,0.9747519953286413,0.000871080139372822,0.000871080139372822
0.0004967709885742673,0.0004967709885742673,0.01765478081745644,0.9813516772053951
0.016484756186036863,0.9815389592289828,0.0009881422924901187,0.0009881422924901187

*,*,*,*,*,*,*,*,*,*,*
Model Num 2
Model States: 
"['square', 'y', 'diamond']","['square', 'y', 'square']","['diamond', 'y', 'diamond']","['diamond', 'y', 'square', 'y', 'square']"
Iteration: ,12816
Error:,0.01619855570648466
Transition Probabilities
0.9628315415355851,0.01790387934282999,0.015529906853724526,0.0037346722678603924
0.974922543490296,0.013516518909203084,0.009472481462199896,0.0020884561383009877
0.9671729890518582,0.01498992813664034,0.01272066066617502,0.005116422145326503
0.9737040290168233,0.010871918828882105,0.010043675393248483,0.005380376761046119

0.0002896032435563278,0.0002896032435563278,0.9811822588412753,0.018238534671612093
0.023505844392612923,0.9747519953286413,0.000871080139372822,0.000871080139372822
0.0004967709885742673,0.0004967709885742673,0.01765478081745644,0.9813516772053951
0.016484756186036863,0.9815389592289828,0.0009881422924901187,0.0009881422924901187

Transition Gammas
1551.0830910019802,28.842433295977436,25.01805859748894,6.016407601140243
975.2380084320927,13.520892577531361,9.47554656294364,2.089131919878215
1392.510887231978,21.582114435970272,18.314881278681494,7.366493503945379
988.5741053492469,11.037951070762247,10.197058983441174,5.462544042632432

1.0,1.0,3388.022339778924,62.97766022107656
26.984709362719645,1119.0152906372807,1.0,1.0
1.0,1.0,35.53907378553981,1975.4609262144602
16.682573260269304,993.3174267397305,1.0,1.0

