0,1,2,3,4,5,6,7,8,9,10,11,12,13,14,15,16,17,18,19,20,21,22,23,24,25,26,27,28,29
github Code Version (SHA):,32a229dd34421fba547a58d2c923a1ee52132eb5
Environment Observations,Environment Actions,alpha,epsilon,numActions,explore,patience,gainThresh,insertRandActions,useBudd,revisedSplitting,haveControl,confidence_factor
"['square', 'diamond']","['x', 'y']",0.99,0.99,75000,0.5,0,0.01,False,True,False,True,250

Model Num 0
Model States: 
['square'],['diamond']
Iteration: ,0
Error:,0.6712746099040307
Absolute Error:,1
Transition Probabilities
0.5,0.5
0.5,0.5

0.5,0.5
0.5,0.5

Transition Gammas
1.0,1.0
1.0,1.0

1.0,1.0
1.0,1.0

Iteration: ,2407
Error:,0.25691205445024023
Absolute Error:,1
Transition Probabilities
0.978021978021978,0.02197802197802198
0.6431226765799256,0.35687732342007433

0.02981029810298103,0.9701897018970189
0.768,0.232


Model Num 1
Model States: 
['square'],"['diamond', 'x', 'square']","['diamond', 'x', 'diamond']"
Iteration: ,0
Error:,0.7097867044594349
Absolute Error:,1
Transition Probabilities
0.3333333333333333,0.3333333333333333,0.3333333333333333
0.3333333333333333,0.3333333333333333,0.3333333333333333
0.3333333333333333,0.3333333333333333,0.3333333333333333

0.3333333333333333,0.3333333333333333,0.3333333333333333
0.3333333333333333,0.3333333333333333,0.3333333333333333
0.3333333333333333,0.3333333333333333,0.3333333333333333

Transition Gammas
1.0,1.0,1.0
1.0,1.0,1.0
1.0,1.0,1.0

1.0,1.0,1.0
1.0,1.0,1.0
1.0,1.0,1.0

Iteration: ,2500
Error:,0.21748239067619438
Absolute Error:,1
Transition Probabilities
0.9848484848484849,0.012579504227496954,0.002572010924018197
0.9961832061068703,0.0019083969465648854,0.0019083969465648854
0.003355704697986578,0.9865280076301682,0.010116287671845121

0.023474178403755864,0.2939734113835214,0.6825524102127227
0.8407075038625755,0.06644057997681095,0.0928519161606136
0.509640958420126,0.4821659848275506,0.008193056752323609

Transition Gammas
845.0,10.793214627192386,2.206785372807613
522.0,1.0,1.0
1.0,293.98534627379007,3.0146537262098456

15.0,187.84900987407022,436.1509901259299
30.128210179297238,2.3810133117391294,3.3275093094622044
68.26885970563775,64.58845473304251,1.0974993919613902

Iteration: ,5000
Error:,0.219137315903663
Absolute Error:,1
Transition Probabilities
0.986021505376344,0.011605607126013318,0.002372887497642595
0.9987819732034104,0.0006090133982947625,0.0006090133982947625
0.0027322404371584704,0.9862858296903145,0.010981929872527023

0.01536772777167947,0.7005497520713793,0.28408252015694124
0.8283773046605375,0.12814720561900872,0.04347548972045385
0.54049129351757,0.45183110580381763,0.007677600678612384

Transition Gammas
917.0,10.793214627192386,2.206785372807613
1640.0,1.0,1.0
1.0,360.9806136666551,4.019386333344889

28.0,1276.4016482740533,517.598351725947
63.40200445650948,9.808078584522669,3.3275093094622044
77.2622712260113,64.58845473304251,1.0974993919613902

Iteration: ,7500
Error:,0.2235834891218235
Absolute Error:,1
Transition Probabilities
0.9868913857677902,0.011004764057054245,0.002103850175155491
0.999231950844854,0.00038402457757296467,0.00038402457757296467
0.0022831050228310514,0.9885207942609515,0.009196100716217391

0.018342391304347828,0.778923983644567,0.2027336250510851
0.740649920586538,0.23883387872894435,0.020516200684517583
0.54049129351757,0.45183110580381763,0.007677600678612384

Transition Gammas
1054.0,11.753088012933935,2.2469119870660643
2602.0,1.0,1.0
1.0,432.97210788629656,4.027892113703215

54.0,2293.1522078496055,596.8477921503945
184.8179993226796,59.59738657934757,5.119507960268657
77.2622712260113,64.58845473304251,1.0974993919613902

Iteration: ,9630
Error:,0.22962659862331466
Absolute Error:,1
Transition Probabilities
0.9868238557558946,0.011577218257890622,0.0015989259862147877
0.9993290841999329,0.0003354579000335458,0.0003354579000335458
0.0022522522522522535,0.9886747925017426,0.009072955246005132

0.018954779312212292,0.8099557955051817,0.17108942518260595
0.6543850185556339,0.33535953155283427,0.010255449891531706
0.54049129351757,0.45183110580381763,0.007677600678612384


Model Num 2
Model States: 
"['diamond', 'x', 'square']","['diamond', 'x', 'diamond']","['square', 'y', 'diamond', 'x', 'square']","['square', 'y', 'diamond', 'x', 'diamond']"
Iteration: ,0
Error:,0.67215972108545
Absolute Error:,0.74
Transition Probabilities
0.25,0.25,0.25,0.25
0.25,0.25,0.25,0.25
0.25,0.25,0.25,0.25
0.25,0.25,0.25,0.25

0.25,0.25,0.25,0.25
0.25,0.25,0.25,0.25
0.25,0.25,0.25,0.25
0.25,0.25,0.25,0.25

Transition Gammas
1.0,1.0,1.0,1.0
1.0,1.0,1.0,1.0
1.0,1.0,1.0,1.0
1.0,1.0,1.0,1.0

1.0,1.0,1.0,1.0
1.0,1.0,1.0,1.0
1.0,1.0,1.0,1.0
1.0,1.0,1.0,1.0

Iteration: ,2500
Error:,0.03298057666533263
Absolute Error:,0.7435552476725982
Transition Probabilities
0.0018348623853210993,0.0018348623853210993,0.9736582957266388,0.02267197950271903
0.9743673055753987,0.020153242369806732,0.0027397260273972603,0.0027397260273972603
0.007992373077175765,0.009589507096824398,0.010781941510842946,0.9716361783151569
0.017697685599544405,0.00884164195014562,0.017815314951999884,0.95564535749831

0.016537546766800335,0.006068328268350679,0.9583302686547458,0.01906385631010316
0.8795685870238072,0.04014380432539759,0.04014380432539759,0.04014380432539759
0.9814955836146207,0.0028331492983065423,0.006110788467051808,0.009560478620020922
0.0026489040062668404,0.9767713158606586,0.015764795199499665,0.004814984933574982

Transition Gammas
1.0,1.0,530.6437711710186,12.356228828981882
355.64406653502056,7.355933464979457,1.0,1.0
2.947392894714623,3.536377094521624,3.976117918098568,358.3158018976927
3.9561594962683557,1.9764700625359581,3.9824544870534004,213.6259814802583

3.521185419715493,1.2920724773676922,204.0483160436745,4.05908892227273
21.91044425919879,1.0,1.0,1.0
367.6868367557036,1.0613513916329518,2.289217108098299,3.5815363821812953
1.014134838255347,373.9576134428725,6.0355633846864025,1.8434205072213168

Iteration: ,5000
Error:,0.024183381118867395
Absolute Error:,0.7433479473913808
Transition Probabilities
0.0009746588693957113,0.0009746588693957113,0.9740986707282551,0.023952011532953385
0.9803187315303743,0.016949028032467207,0.0013661202185792352,0.0013661202185792352
0.013169690668745036,0.0062415586242760635,0.010478643664446945,0.9701101070425319
0.010388267265873793,0.006205141790241719,0.01676668526121314,0.9666399056826713

0.01583644781116773,0.002914640668343098,0.9722946086325096,0.008954302887979574
0.9376728461171658,0.02045941689166274,0.021378598341541852,0.020489138649629635
0.981359378927191,0.0015080531137035434,0.007414918924417286,0.009717649034688258
0.0013114047339394725,0.9820840705398621,0.013953230541315155,0.0026512941848834044

Transition Gammas
1.0,1.0,999.42523616719,24.574763832810177
717.5933114802339,12.406688519765995,1.0,1.0
9.913455634638474,4.698319502644182,7.887775931230675,730.2482456709787
4.938964450674207,2.950152699100675,7.971499032645407,459.5761745997211

7.245056653700383,1.3334263478223662,444.8175252194101,4.096526726912589
45.90240347338787,1.0015608459605554,1.0465580301621895,1.0030158311739847
694.607918024595,1.067402682517026,5.248292834416151,6.878169311896207
1.0147861083983403,759.9524740690358,10.797234563940199,2.051614149671934

Iteration: ,7500
Error:,0.024413710913189734
Absolute Error:,0.7421104749279204
Transition Probabilities
0.0007037297677691762,0.0007037297677691762,0.9797789357290165,0.018813604735445123
0.9844396182812037,0.013668234131284542,0.000946073793755913,0.000946073793755913
0.015132960812948373,0.00629145921034685,0.007947946362017764,0.9706276336146871
0.008983810245809742,0.0051245446971920254,0.016877639381647824,0.9690140056753505

0.011961408110405858,0.0017065235545791666,0.9786927973082666,0.007639271026748176
0.9229104196765834,0.023782421566809073,0.02475237548317457,0.028554783273432905
0.980899405336043,0.0009957661188312037,0.0070170211467545165,0.011087807398371377
0.000891934302185529,0.9786606892973385,0.018483812868890823,0.0019635635315850223

Transition Gammas
1.0,1.0,1392.2658676709334,26.73413232906754
1040.5526765232323,14.44732347676776,1.0,1.0
16.911241070663277,7.030771090174459,8.881912707378271,1084.6864737705841
6.901237169457408,3.9366034425429732,12.96516612065059,744.3829834685897

9.455097058275097,1.348950365362223,773.6242508717844,6.038590803497136
77.89020748500185,2.0071479428996875,2.089008446569235,2.4099175244292472
1055.5201467616591,1.0715178275889807,7.550832583199077,11.93129899837643
1.0152315160148542,1113.9465909371538,21.038936740786507,2.2349982236111896

Iteration: ,10000
Error:,0.022642688761755347
Absolute Error:,0.7431356446649441
Transition Probabilities
0.000528262017960909,0.000528262017960909,0.9826445400981535,0.016298935865924624
0.981979952940081,0.016416197821747337,0.000801924619085806,0.000801924619085806
0.016167665099363328,0.006353067051572624,0.006544410237287023,0.970934857611777
0.010503696096593202,0.004768114252436944,0.01643666985270277,0.9682915197982671

0.010765960545368398,0.002800277809588205,0.9797558898494247,0.006677871795618783
0.9509809229731503,0.0221863154118625,0.01561663646359772,0.011216125151389283
0.9791175156519627,0.0007461756115015844,0.007726737570796248,0.012409571165739425
0.0006730050779203104,0.9776372374372433,0.02015312445481236,0.0015366330300239498

Transition Gammas
1.0,1.0,1860.1461144058032,30.853885594195294
1224.5290013162808,20.470998683718925,1.0,1.0
24.11913968463455,9.477590654000101,9.763038985319774,1448.4536456869953
10.850358912126064,4.925480563907843,16.97914387296409,1000.2489052198364

11.279412332961774,2.933829074339002,1026.4825531070517,6.996353848040473
257.8543319192981,6.015722713333706,4.2343829038737,3.0412034434852435
1408.4831591485122,1.073390850195866,11.115090445889916,17.851454723042583
1.0171689445298113,1477.5850429093339,30.459104995202864,2.322442205204552

Iteration: ,12500
Error:,0.02219224565490259
Absolute Error:,0.7433809196329528
Transition Probabilities
0.0003966679888932966,0.0003966679888932966,0.984935867973565,0.014270796048648369
0.9813867941962204,0.017092293256251005,0.0007604562737642588,0.0007604562737642588
0.01734744792190329,0.004914817249279431,0.0055125164922175795,0.9722252183365997
0.010207806789784661,0.004251728071755134,0.014684009536555265,0.970856455601905

0.01127524896975987,0.002813982356768095,0.97973635320969,0.0061744154637818965
0.958466315234341,0.02542919485064922,0.010865096247125975,0.005239393667883723
0.9786891281779312,0.0006332032887257773,0.007326133812433036,0.013351534720909851
0.0005166282660725357,0.9789639005853186,0.01931691029640428,0.001202560852204612

Transition Gammas
1.0,1.0,2483.0233231613556,35.97667683864251
1290.5236343680294,22.47636563197006,1.0,1.0
33.79018063918747,9.57331380439306,10.737540696885139,1893.7463249616048
11.825392662625228,4.925480563907843,17.01091940780774,1124.7037726092478

12.779680593961244,3.1894458218162463,1110.4604158979284,6.998254113339389
640.8152015641838,17.00155171321751,7.26422904065646,3.5029745500634792
1660.4613360715477,1.0743039321995513,12.429648586246355,22.652450653622722
1.0193330239162763,1931.5440106956898,38.11321578441985,2.3727118131568803

Iteration: ,14587
Error:,0.022738040744852982
Absolute Error:,0.7432073643667089
Transition Probabilities
0.00033068783068783105,0.00033068783068783105,0.9864231953483062,0.012915428990318133
0.9806426540788546,0.017895357617051782,0.0007309941520467839,0.0007309941520467839
0.016618462978906998,0.004539783557479825,0.005034222758120284,0.9738075307054929
0.01120659003057974,0.0041558312475839625,0.01326799807730919,0.9713695806445272

0.011989794624413228,0.0028133078319212213,0.9794184451905206,0.0057784523531450565
0.9540087459345141,0.02597016498707931,0.013311024931672051,0.006710064146734438
0.9782868608636802,0.000562812858569028,0.0070079422389598125,0.014142384038790904
0.0004326939309840574,0.9782888177091491,0.020253762292774924,0.0010247260670920258

*,*,*,*,*,*,*,*,*,*,*
Model Num 2
Model States: 
"['diamond', 'x', 'square']","['diamond', 'x', 'diamond']","['square', 'y', 'diamond', 'x', 'square']","['square', 'y', 'diamond', 'x', 'diamond']"
Iteration: ,14587
Error:,0.022229103467482296
Transition Probabilities
0.00033068783068783105,0.00033068783068783105,0.9864231953483062,0.012915428990318133
0.9806426540788546,0.017895357617051782,0.0007309941520467839,0.0007309941520467839
0.016618462978906998,0.004539783557479825,0.005034222758120284,0.9738075307054929
0.01120659003057974,0.0041558312475839625,0.01326799807730919,0.9713695806445272

0.011989794624413228,0.0028133078319212213,0.9794184451905206,0.0057784523531450565
0.9540087459345141,0.02597016498707931,0.013311024931672051,0.006710064146734438
0.9782868608636802,0.000562812858569028,0.0070079422389598125,0.014142384038790904
0.0004326939309840574,0.9782888177091491,0.020253762292774924,0.0010247260670920258

Transition Gammas
1.0,1.0,2982.943742733275,39.05625726672199
1341.5191507798727,24.480849220126828,1.0,1.0
38.658541672340625,10.560628384405703,11.7108128790042,2265.310519655134
14.388837425438995,5.335930022056093,17.035607332337012,1247.20177482819

14.524086357146153,3.407958783285592,1186.4388443121566,6.999848088877546
954.7845903387685,25.99128513641615,13.32185007793212,6.715521083835504
1868.446164999684,1.074925534906416,13.384584138607115,27.010771869002653
1.020607303949189,2307.517256955846,47.77311685755626,2.4170500987678105

