0,1,2,3,4,5,6,7,8,9,10,11,12,13,14,15,16,17,18,19,20,21,22,23,24,25,26,27,28,29
github Code Version (SHA):,cd93f48c3be2409aefa56252372b16f046dc3cc1
Environment Observations,Environment Actions,alpha,epsilon,numActions,explore,patience,gainThresh,insertRandActions,useBudd,revisedSplitting,haveControl,confidence_factor
"['square', 'diamond']","['x', 'y']",0.99,0.99,75000,0.5,0,0.01,False,True,False,True,250

Model Num 0
Model States: 
['square'],['diamond']
Iteration: ,0
Error:,0.6761367754141239
Absolute Error:,1
Transition Probabilities
0.5,0.5
0.5,0.5

0.5,0.5
0.5,0.5

Transition Gammas
1.0,1.0
1.0,1.0

1.0,1.0
1.0,1.0

Iteration: ,1824
Error:,0.23487448025756444
Absolute Error:,1
Transition Probabilities
0.988155668358714,0.011844331641285956
0.9861386138613861,0.013861386138613862

0.21451104100946372,0.7854889589905363
0.07,0.93


Model Num 1
Model States: 
['diamond'],"['square', 'y', 'diamond']","['square', 'y', 'square']"
Iteration: ,0
Error:,0.616670569159683
Absolute Error:,1
Transition Probabilities
0.3333333333333333,0.3333333333333333,0.3333333333333333
0.3333333333333333,0.3333333333333333,0.3333333333333333
0.3333333333333333,0.3333333333333333,0.3333333333333333

0.3333333333333333,0.3333333333333333,0.3333333333333333
0.3333333333333333,0.3333333333333333,0.3333333333333333
0.3333333333333333,0.3333333333333333,0.3333333333333333

Transition Gammas
1.0,1.0,1.0
1.0,1.0,1.0
1.0,1.0,1.0

1.0,1.0,1.0
1.0,1.0,1.0
1.0,1.0,1.0

Iteration: ,2500
Error:,0.13448942049671286
Absolute Error:,1
Transition Probabilities
0.013377926421404677,0.9630849347996133,0.023537138778982006
0.01054205668638319,0.9767454626882173,0.012712480625399513
0.006171462702875137,0.9521844916866534,0.04164404561047145

0.6631130063965884,0.00567995161985379,0.33120704198355777
0.9973118279569892,0.0013440860215053765,0.0013440860215053765
0.019230769230769232,0.19478008890682783,0.785989141862403

Transition Gammas
8.0,575.924791010169,14.075208989831244
4.864325014700108,450.6907455056751,5.865803926561585
1.0,154.28830044505548,6.747840441629903

311.0,2.6638973097114276,155.3361026902886
742.0,1.0,1.0
1.0,10.128564623155047,40.87143537684496

Iteration: ,3983
Error:,0.13109289685747064
Absolute Error:,1
Transition Probabilities
0.015486725663716809,0.965512397409795,0.019000876926488247
0.00911236938902225,0.9766965839609084,0.014191046650069185
0.006983013803080512,0.9620086338237618,0.03100835237315769

0.6532156368221942,0.0033827007514817217,0.34340166242632403
0.9982713915298185,0.000864304235090752,0.000864304235090752
0.013888888888888888,0.18075140109533747,0.8053597100157737


Model Num 2
Model States: 
"['square', 'y', 'diamond']","['square', 'y', 'square']","['diamond', 'y', 'diamond']","['diamond', 'y', 'square', 'y', 'square']"
Iteration: ,0
Error:,0.675749267085608
Absolute Error:,0.74
Transition Probabilities
0.25,0.25,0.25,0.25
0.25,0.25,0.25,0.25
0.25,0.25,0.25,0.25
0.25,0.25,0.25,0.25

0.25,0.25,0.25,0.25
0.25,0.25,0.25,0.25
0.25,0.25,0.25,0.25
0.25,0.25,0.25,0.25

Transition Gammas
1.0,1.0,1.0,1.0
1.0,1.0,1.0,1.0
1.0,1.0,1.0,1.0
1.0,1.0,1.0,1.0

1.0,1.0,1.0,1.0
1.0,1.0,1.0,1.0
1.0,1.0,1.0,1.0
1.0,1.0,1.0,1.0

Iteration: ,2500
Error:,0.026244578258325685
Absolute Error:,0.3902149756602403
Transition Probabilities
0.9674277731757254,0.01329325179582741,0.013336204584584505,0.005942770443862673
0.9292466349614522,0.021599030846096757,0.03395145744967462,0.015202876742776402
0.962799869085716,0.010426709200493439,0.023579910988683294,0.0031935107251071797
0.9593176213413938,0.018546458217737725,0.016471783635199546,0.005664136805668947

0.001414427157001414,0.001414427157001414,0.9854598846663704,0.011711261019626766
0.06457768399737307,0.9177232009583791,0.008849557522123892,0.008849557522123892
0.003115264797507788,0.003115264797507788,0.02904330006711774,0.9647261703378667
0.023840068088082228,0.9621739179259038,0.006993006993006989,0.006993006993006989

Transition Gammas
465.9100422974091,6.401986461617809,6.422672383793597,2.8620187528572445
126.1391254427003,2.931926529332626,4.608687283957357,2.0636906332477967
388.31000528683813,4.205230634911392,9.510092029170826,1.287985391738293
169.3669581534933,3.274366219257896,2.908083649871199,1.0

1.0,1.0,696.7201384591241,8.279861540876126
7.297278291703159,103.70272170829686,1.0,1.0
1.0,1.0,9.322899321544794,309.6771006784552
3.4091297365957605,137.59087026340433,1.0,1.0

Iteration: ,5000
Error:,0.02347488333066178
Absolute Error:,0.38884786001665717
Transition Probabilities
0.9654295613635003,0.015266651389670463,0.015096179839505718,0.004207607407323488
0.944677793449146,0.021848329817894998,0.021678102048995257,0.011795774683963669
0.966402044129457,0.012912125078646206,0.019128815054296557,0.0015570157376002666
0.963597477944417,0.02011926676472174,0.010484257890053701,0.005798997400807696

0.0006863417982155108,0.0006863417982155108,0.9880974285834515,0.010529887820117444
0.07474994265763157,0.9150459757097154,0.00510204081632653,0.00510204081632653
0.0015898251192368845,0.0015898251192368845,0.02940495772993161,0.9674153920315947
0.03255904701061913,0.9598073652031214,0.00381679389312977,0.00381679389312977

Transition Gammas
904.0444495741446,14.295948668613848,14.13631624704279,3.940074216502718
242.54939591863507,5.609636678145125,5.565930090775839,3.0286072604095073
828.944663224977,11.075553119797988,16.40800456642308,1.3355516930882503
346.6593121166104,7.238013108779983,3.7717674769887757,2.0862201240069727

1.0,1.0,1439.65795344609,15.342046553911128
14.650988760895789,179.34901123910421,1.0,1.0
1.0,1.0,18.495718412126976,608.5042815878728
8.530470316782214,251.46952968321784,1.0,1.0

Iteration: ,7500
Error:,0.019773965599946878
Absolute Error:,0.38769426023955555
Transition Probabilities
0.9634981958784236,0.01541784877826482,0.016719353149070252,0.004364602194241323
0.9607462005872152,0.01679418387720316,0.01586815299560677,0.006591462539974921
0.9675113869662733,0.013709771962081167,0.016682690808791117,0.0020961502628544337
0.9643846844235964,0.018278207262413894,0.011243033162765138,0.006094075151224648

0.0004784688995215307,0.0004784688995215307,0.9878591794681416,0.01118388273281533
0.036990885176886916,0.9589605318271617,0.0020242914979757077,0.0020242914979757077
0.000966183574879227,0.000966183574879227,0.028642374675955158,0.9694252581742864
0.02234735720690301,0.9738064889469431,0.0019230769230769227,0.0019230769230769227

Transition Gammas
1138.0055881244375,18.210307130390145,19.74753808036055,5.155112597235779
489.09693491215523,8.549587657667294,8.078163606709852,3.3555835275950856
1059.8991433389929,15.018919419177141,18.275722575493962,2.2963118551768176
486.0793868594564,9.212775692631915,5.666832701168202,3.0716003279886257

1.0,1.0,2064.625685088418,23.37431491158406
18.273497277382145,473.7265027226181,1.0,1.0
1.0,1.0,29.64485778961359,1003.3551422103864
11.620625747589568,506.3793742524105,1.0,1.0

Iteration: ,10000
Error:,0.019879629334106204
Absolute Error:,0.3888784214947697
Transition Probabilities
0.965295103240093,0.015299269948265845,0.014976958540701473,0.0044286682709395574
0.9592325505416819,0.01965220962451379,0.015807971906133467,0.005307267927670949
0.9696749703503013,0.013458932040262245,0.015125860887951885,0.001740236721484609
0.9517830065471656,0.019623186590692964,0.019574218255230893,0.009019588606910487

0.0003506311360448801,0.0003506311360448801,0.9872340588715309,0.01206467885637921
0.04247064214727829,0.9540510969831566,0.0017391304347826088,0.0017391304347826088
0.0006365372374283906,0.0006365372374283906,0.02608236879975177,0.9726445567253915
0.018357096729303777,0.9784932969714836,0.0015748031496062975,0.0015748031496062975

Transition Gammas
1335.7601949951816,21.17088933817633,20.724879877264073,6.128321560218077
606.4862354034623,12.425344225235554,9.994779019228016,3.3555835275950856
1296.311052532912,17.992588127523245,20.22102379423475,2.3264373785673604
875.0444115835102,18.04104469771854,17.996024490385693,8.292373945497843

1.0,1.0,2815.5915359016117,34.40846409839357
24.420619234685017,548.579380765315,1.0,1.0
1.0,1.0,40.97540138440996,1528.0245986155876
11.656756423107911,621.3432435768927,1.0,1.0

Iteration: ,12500
Error:,0.017450947214603173
Absolute Error:,0.3881971202248805
Transition Probabilities
0.9685389521681533,0.013946619377492375,0.013658134859009288,0.0038562935953448856
0.9633041994119985,0.0194152256828069,0.013530532236416544,0.003750042668777972
0.9682836841330502,0.013239444282082237,0.016837648186501856,0.0016392233983656323
0.9552469210354955,0.017817372656081923,0.017766796064254152,0.009168910244168363

0.0002971768202080232,0.0002971768202080232,0.9856083656992628,0.013797280660321092
0.031065757167935838,0.9670976955409715,0.0009182736455463728,0.0009182736455463728
0.0005015045135406226,0.0005015045135406226,0.027102008330270037,0.9718949826426487
0.017353315550441527,0.980565518996905,0.0010405827263267424,0.0010405827263267424

Transition Gammas
1539.1769313540244,22.163605054971917,21.705152955644422,6.128321560218077
906.3161699168375,18.26664203234386,12.73008065461632,3.5281942201291665
1388.2334291728973,18.98146115362308,24.14022508505103,2.35016323912454
967.5715825830281,18.047253624883613,17.996024490385693,9.287208155452477

1.0,1.0,3316.5721505780257,46.42784942198056
33.83060955588213,1053.1693904441179,1.0,1.0
1.0,1.0,54.04140461055837,1937.9585953894384
16.67653624397432,942.3234637560263,1.0,1.0

Iteration: ,12906
Error:,0.018933554873975467
Absolute Error:,0.38858179377445257
Transition Probabilities
0.9679016248192864,0.01369341107110358,0.014015503129597866,0.004389460980012105
0.9625748095660671,0.018266968872392514,0.014569507496375773,0.004588714065164615
0.9681841157002871,0.013673044232007946,0.016533251138367677,0.0016095889293371737
0.9554595580556471,0.017733309573240243,0.017681988675236498,0.00912514369587609

0.0002896871378910771,0.0002896871378910771,0.9856799110983318,0.013740714625886085
0.030137544110182345,0.9681338474196362,0.000864304235090752,0.000864304235090752
0.0004852013585638047,0.0004852013585638047,0.028648977174635364,0.970380620108237
0.016324847554409518,0.9817182052831639,0.0009784735812133068,0.0009784735812133068

*,*,*,*,*,*,*,*,*,*,*
Model Num 2
Model States: 
"['square', 'y', 'diamond']","['square', 'y', 'square']","['diamond', 'y', 'diamond']","['diamond', 'y', 'square', 'y', 'square']"
Iteration: ,12906
Error:,0.01860562664688925
Transition Probabilities
0.9679016248192864,0.01369341107110358,0.014015503129597866,0.004389460980012105
0.9625748095660671,0.018266968872392514,0.014569507496375773,0.004588714065164615
0.9681841157002871,0.013673044232007946,0.016533251138367677,0.0016095889293371737
0.9554595580556471,0.017733309573240243,0.017681988675236498,0.00912514369587609

0.0002896871378910771,0.0002896871378910771,0.9856799110983318,0.013740714625886085
0.030137544110182345,0.9681338474196362,0.000864304235090752,0.000864304235090752
0.0004852013585638047,0.0004852013585638047,0.028648977174635364,0.970380620108237
0.016324847554409518,0.9817182052831639,0.0009784735812133068,0.0009784735812133068

Transition Gammas
1566.7209834364555,22.165222074014604,22.686585375512788,7.105123544600419
962.7957366302148,18.27116144814221,14.572851442721827,4.5897672520094766
1413.647097063545,19.964032639204092,24.14022508505103,2.35016323912454
972.4287195378232,18.048256858266207,17.996024490385693,9.287208155452477

1.0,1.0,3402.567053111448,47.43294688855886
34.86913853548097,1120.130861464519,1.0,1.0
1.0,1.0,59.045541956923394,1999.9544580430734
16.683994200606534,1003.3160057993939,1.0,1.0

