0,1,2,3,4,5,6,7,8,9,10,11,12,13,14,15,16,17,18,19,20,21,22,23,24,25,26,27,28,29
github Code Version (SHA):,cd93f48c3be2409aefa56252372b16f046dc3cc1
Environment Observations,Environment Actions,alpha,epsilon,numActions,explore,patience,gainThresh,insertRandActions,useBudd,revisedSplitting,haveControl,confidence_factor
"['square', 'diamond']","['x', 'y']",0.99,0.99,75000,0.5,0,0.01,False,True,False,True,250

Model Num 0
Model States: 
['square'],['diamond']
Iteration: ,0
Error:,0.6764966380680205
Absolute Error:,1
Transition Probabilities
0.5,0.5
0.5,0.5

0.5,0.5
0.5,0.5

Transition Gammas
1.0,1.0
1.0,1.0

1.0,1.0
1.0,1.0

Iteration: ,1775
Error:,0.24657165648504825
Absolute Error:,1
Transition Probabilities
0.9842657342657343,0.015734265734265736
0.9741035856573705,0.025896414342629483

0.21462639109697934,0.7853736089030207
0.1794871794871795,0.8205128205128205


Model Num 1
Model States: 
['diamond'],"['square', 'y', 'diamond']","['square', 'y', 'square']"
Iteration: ,0
Error:,0.6204328446251021
Absolute Error:,1
Transition Probabilities
0.3333333333333333,0.3333333333333333,0.3333333333333333
0.3333333333333333,0.3333333333333333,0.3333333333333333
0.3333333333333333,0.3333333333333333,0.3333333333333333

0.3333333333333333,0.3333333333333333,0.3333333333333333
0.3333333333333333,0.3333333333333333,0.3333333333333333
0.3333333333333333,0.3333333333333333,0.3333333333333333

Transition Gammas
1.0,1.0,1.0
1.0,1.0,1.0
1.0,1.0,1.0

1.0,1.0,1.0
1.0,1.0,1.0
1.0,1.0,1.0

Iteration: ,2500
Error:,0.13063480974894592
Absolute Error:,1
Transition Probabilities
0.01671732522796352,0.9733505530050233,0.009932121767013283
0.016493415147058273,0.9725615312398718,0.010945053613070015
0.028807575008578983,0.9493313402396838,0.02186108475173735

0.6804597701149426,0.006101498888163018,0.3134387309968944
0.9974193548387097,0.0012903225806451613,0.0012903225806451613
0.030303030303030304,0.1722147738229195,0.7974821958740502

Transition Gammas
11.0,640.4646638773054,6.5353361226947415
7.561936629080114,445.9021131490013,5.01811183954111
3.9116886230737036,128.90667131950516,2.9684468923869765

296.0,2.6541520163509125,136.34584798364904
773.0,1.0,1.0
1.0,5.683087536156344,26.316912463843657

Iteration: ,4021
Error:,0.13092881717026766
Absolute Error:,1
Transition Probabilities
0.016563146997929618,0.9756175158970648,0.007819337105005564
0.017953424817637918,0.9674866533704384,0.01455992181192362
0.024138425626277986,0.9524430910894546,0.02341848328426745

0.6844106463878327,0.003386609455392508,0.3122027441567747
0.9983050847457627,0.000847457627118644,0.000847457627118644
0.013157894736842108,0.150675187716699,0.8361669175464589


Model Num 2
Model States: 
"['square', 'y', 'diamond']","['square', 'y', 'square']","['diamond', 'y', 'diamond']","['diamond', 'y', 'square', 'y', 'square']"
Iteration: ,0
Error:,0.6762243568497887
Absolute Error:,0.74
Transition Probabilities
0.25,0.25,0.25,0.25
0.25,0.25,0.25,0.25
0.25,0.25,0.25,0.25
0.25,0.25,0.25,0.25

0.25,0.25,0.25,0.25
0.25,0.25,0.25,0.25
0.25,0.25,0.25,0.25
0.25,0.25,0.25,0.25

Transition Gammas
1.0,1.0,1.0,1.0
1.0,1.0,1.0,1.0
1.0,1.0,1.0,1.0
1.0,1.0,1.0,1.0

1.0,1.0,1.0,1.0
1.0,1.0,1.0,1.0
1.0,1.0,1.0,1.0
1.0,1.0,1.0,1.0

Iteration: ,2500
Error:,0.030523001205792905
Absolute Error:,0.3922024225632324
Transition Probabilities
0.9565511282341662,0.022948621391014973,0.014243879189370258,0.006256371185448536
0.9484013829533201,0.014927493664536275,0.022006105563152308,0.014665017818991417
0.9561229597301186,0.012094607965763369,0.02261498817679621,0.009167444127321803
0.9384253346771804,0.029018488074304256,0.01609490984401626,0.016461267404499196

0.0013698630136986297,0.0013698630136986297,0.9810517146236176,0.016208559348985133
0.0649112738355043,0.915286745966476,0.009900990099009905,0.009900990099009905
0.0032154340836012844,0.0032154340836012844,0.027060172300044486,0.966508959532753
0.038103783598813334,0.9472976762552012,0.0072992700729927005,0.0072992700729927005

Transition Gammas
436.7415815762157,10.477868778230212,6.503462430105691,2.8565304726625698
127.97961884762573,2.014352766535063,2.9695580931385748,1.9789336293708648
410.2888097577132,5.190004336011233,9.704480461761458,3.933907978301126
169.91142556715386,5.254091608902069,2.914146682657885,2.980479435055681

1.0,1.0,716.1677516752411,11.832248324759151
6.5560386573859315,92.44396134261405,1.0,1.0
1.0,1.0,8.41571358531384,300.58428641468635
5.220218353037427,129.77978164696256,1.0,1.0

Iteration: ,5000
Error:,0.022792731937025447
Absolute Error:,0.3879879685604108
Transition Probabilities
0.9637905444282245,0.017752432130412575,0.014240078541679043,0.004216944899683841
0.9701060563719799,0.007609188359705231,0.014837385616605038,0.007447369651709632
0.9648424897446581,0.016116824511797533,0.01324351674050065,0.00579716900304363
0.9438071458327159,0.020383715082397783,0.02497014251572989,0.010838996569156578

0.0006825938566552904,0.0006825938566552904,0.9850362131494804,0.013598599137208981
0.05836270345406561,0.930942109380159,0.005347593582887699,0.005347593582887699
0.0016260162601626018,0.0016260162601626018,0.026965047525884134,0.9697829199537906
0.023910702410516103,0.9684847348518414,0.0038022813688212928,0.0038022813688212928

Transition Gammas
895.9756621317698,16.503323491238344,13.238108501841044,3.9202293698667794
257.77899967274374,2.0219324998566774,3.9426270941046724,1.9789336293708648
839.5347300760229,14.023671283149442,11.523530908071788,5.044268640639296
335.57927581118673,7.247616608854352,8.87836289365833,3.853904513499201

1.0,1.0,1443.0780522639882,19.92194773601115
10.91382554591027,174.08617445408976,1.0,1.0
1.0,1.0,16.58350422841874,596.4164957715811
6.2885147339657355,254.7114852660343,1.0,1.0

Iteration: ,7500
Error:,0.020057385717887566
Absolute Error:,0.3891302549873149
Transition Probabilities
0.9639475116898542,0.01736001275854824,0.015204475880084339,0.0034879996715132754
0.96464185166452,0.008741264768002327,0.018074495351726914,0.008542388215750877
0.9651964596087594,0.016686653291909236,0.011613646049862139,0.006503241049469291
0.9440389416717423,0.024180317067631,0.023168001929343932,0.008612739331282787

0.00048567265662943185,0.00048567265662943185,0.9839883443414182,0.015040310345322872
0.03247386371847485,0.963808664162566,0.0018587360594795547,0.0018587360594795547
0.00099304865938431,0.00099304865938431,0.02249906360219541,0.975514839079036
0.018657092999572692,0.9777327986971782,0.0018050541516245484,0.0018050541516245484

Transition Gammas
1138.3728909404635,20.501290444816544,17.95571123214336,4.119149872277996
530.1500940671443,4.804044455489693,9.933422849526801,4.694745421136243
1038.7021934404488,17.957446075291337,12.498097673009047,6.998503439697466
436.81581202526814,11.188463069353325,10.720055210697325,3.985196540827049

1.0,1.0,2026.0320009989798,30.967999001019788
17.47093868053946,518.5290613194603,1.0,1.0
1.0,1.0,22.656557047410775,982.343442952589
10.336029521763274,541.6639704782368,1.0,1.0

Iteration: ,10000
Error:,0.01877158634632206
Absolute Error:,0.386933658116357
Transition Probabilities
0.9640409322902292,0.01850901807088416,0.013765407605711778,0.0036846420331748796
0.9639935354994993,0.00986222212325885,0.01621503318350287,0.00992920919373896
0.9664022651228608,0.01511691216958567,0.011891649610033838,0.006589173097519858
0.9572441744552439,0.020505267481302783,0.017736735513192138,0.004513822550261171

0.00035236081747709656,0.00035236081747709656,0.9830741729863803,0.01622110537866556
0.03540591562426679,0.9613100121261438,0.001642036124794747,0.001642036124794747
0.0006501950585175547,0.0006501950585175547,0.017452925448011622,0.9812466844349532
0.01843118702546382,0.9785881870430906,0.001490312965722802,0.001490312965722802

Transition Gammas
1325.8910895341976,25.456327956855446,18.93221612993175,5.067662457343625
648.2802501220797,6.632289107118266,10.904518942123676,6.677337536601032
1274.7625437108388,19.940426575784638,15.68604509000974,8.691650839288522
845.1387112116663,18.103839955005107,15.659538279511624,3.985196540827049

1.0,1.0,2789.9645029353474,46.03549706465286
21.562202615178453,585.437797384821,1.0,1.0
1.0,1.0,26.842599339041897,1509.1574006609594
12.367326494086221,656.6326735059137,1.0,1.0

Iteration: ,12500
Error:,0.017387781399586827
Absolute Error:,0.38667889388101756
Transition Probabilities
0.9670094717234943,0.01760069741029626,0.0121402115890974,0.003249619277111996
0.9626642057867375,0.011899847155823007,0.018167851471466014,0.007268095585973387
0.969241887362783,0.013842498022823177,0.01088450255250379,0.006031112061889966
0.9561334932654164,0.02360912421833394,0.016344759588078697,0.003912622928171032

0.0002949852507374633,0.0002949852507374633,0.9816881909581704,0.017721838540354643
0.027522462972858572,0.9706359164009903,0.0009208103130755065,0.0009208103130755065
0.0005089058524173024,0.0005089058524173024,0.01622540307944155,0.9827567852157238
0.01896956563719291,0.9789664508746749,0.0010319917440660474,0.0010319917440660474

Transition Gammas
1508.0159175151125,27.447644134020653,18.93221612993175,5.067662457343625
922.7882213557648,11.406925411081545,17.415293146283105,6.967032697494804
1396.8090755605033,19.94891793143336,15.68604509000974,8.691650839288522
973.868415097029,24.04704002765781,16.64793172428438,3.985196540827049

1.0,1.0,3327.922967348196,60.077032651802206
29.88939478852441,1054.1106052114756,1.0,1.0
1.0,1.0,31.882917051102673,1931.1170829488992
18.38150910243993,948.61849089756,1.0,1.0

Iteration: ,12770
Error:,0.017546510667101823
Absolute Error:,0.38676854388123155
Transition Probabilities
0.9661982556908122,0.01799714628122582,0.0125975372798874,0.0032070607480745947
0.9632546837698771,0.01237317890390008,0.017408015906979313,0.006964121419243492
0.9694700005634789,0.01374006587651576,0.010803631961131554,0.005986301598873899
0.9562589337310691,0.023542148572868255,0.01629758698670488,0.0039013307093578972

0.00029019152640742907,0.00029019152640742907,0.9811140209006347,0.01830559604655045
0.02726016243028097,0.970976169139384,0.0008818342151675483,0.0008818342151675483
0.0004975124378109448,0.0004975124378109448,0.01685762162129455,0.9821473535030836
0.020146444848294517,0.9778772705667252,0.0009881422924901187,0.0009881422924901187

*,*,*,*,*,*,*,*,*,*,*
Model Num 2
Model States: 
"['square', 'y', 'diamond']","['square', 'y', 'square']","['diamond', 'y', 'diamond']","['diamond', 'y', 'square', 'y', 'square']"
Iteration: ,12770
Error:,0.016980372766913
Transition Probabilities
0.9661982556908122,0.01799714628122582,0.0125975372798874,0.0032070607480745947
0.9632546837698771,0.01237317890390008,0.017408015906979313,0.006964121419243492
0.9694700005634789,0.01374006587651576,0.010803631961131554,0.005986301598873899
0.9562589337310691,0.023542148572868255,0.01629758698670488,0.0039013307093578972

0.00029019152640742907,0.00029019152640742907,0.9811140209006347,0.01830559604655045
0.02726016243028097,0.970976169139384,0.0008818342151675483,0.0008818342151675483
0.0004975124378109448,0.0004975124378109448,0.01685762162129455,0.9821473535030836
0.020146444848294517,0.9778772705667252,0.0009881422924901187,0.0009881422924901187

Transition Gammas
1526.7458309465542,28.438333325442876,19.906098369542708,5.067662457343625
963.657362333692,12.378351382160293,17.415293146283105,6.967032697494804
1407.5960933287593,19.949521943559105,15.68604509000974,8.691650839288522
976.815368586693,24.048227655038364,16.64793172428438,3.985196540827049

1.0,1.0,3380.918916023585,63.08108397641281
30.91302419593863,1101.0869758040617,1.0,1.0
1.0,1.0,33.88381945880208,1974.1161805411998
20.38820218647405,989.6117978135259,1.0,1.0

